# freq   mass   ang   radius99   radius95   compactness   kappa
6.438978187269993603e-01   1.042652272752320641e+00   9.778800428493452657e-01   3.239152835671947450e+00   2.715574092878148438e+00   3.218904218627359759e-01   1.005349694813686634e+00
6.439176977632438126e-01   1.045028737471398017e+00   9.815707135020053098e-01   3.253512678563371008e+00   2.727558110734586982e+00   3.212001429583619672e-01   1.006228207944535269e+00
6.439375767994882649e-01   1.046637495316758759e+00   9.840690497038629969e-01   3.263390270703487417e+00   2.735680604771824065e+00   3.207209093906919217e-01   1.006841476838657101e+00
6.439872743900995067e-01   1.049575596202544148e+00   9.886315634625814086e-01   3.281422105686552460e+00   2.750713244976838112e+00   3.198538811522230740e-01   1.007990893369146379e+00
6.441115183666276112e-01   1.054569863003962382e+00   9.963860405339169946e-01   3.312469947964621575e+00   2.776538699057438109e+00   3.183636016537909619e-01   1.010046086295685708e+00
6.448880432199278756e-01   1.071203347987989218e+00   1.022196120092726979e+00   3.419731276297537814e+00   2.865645390737393772e+00   3.132419659441065263e-01   1.017899830260420746e+00
6.456645680732281400e-01   1.081665637759556375e+00   1.038410164952328296e+00   3.490353973428125034e+00   2.924231392631704285e+00   3.099014157286676396e-01   1.023738057866472984e+00
6.476058802064789122e-01   1.100286650323369031e+00   1.067209522837706093e+00   3.623076423234020904e+00   3.033937065721636461e+00   3.036885016466845943e-01   1.036157574124810132e+00
6.495471923397296843e-01   1.114287304534059331e+00   1.088797373758726872e+00   3.729068031604377165e+00   3.121574156318071225e+00   2.988112029843160156e-01   1.047520430299013316e+00
6.514885044729804564e-01   1.125946853820323668e+00   1.106721519971316070e+00   3.822281453114959149e+00   3.198302216396179176e+00   2.945745538708919309e-01   1.058561609917790802e+00
6.534298166062312285e-01   1.136116808776250764e+00   1.122309086452178084e+00   3.907279032753863124e+00   3.268337660664396793e+00   2.907693049952237430e-01   1.069551955369162588e+00
6.553711287394820006e-01   1.145226989000889262e+00   1.136230842805233454e+00   3.986820295205675713e+00   3.333785491252938105e+00   2.872532254283129971e-01   1.080615780784060176e+00
6.573124408727327728e-01   1.153530388757531000e+00   1.148882146954106620e+00   4.062191845865012141e+00   3.395812195476664908e+00   2.839674817258404649e-01   1.091840055481113403e+00
6.592537530059835449e-01   1.161190839237747241e+00   1.160519391706001935e+00   4.134627376655860331e+00   3.455248565902555136e+00   2.808453419028374975e-01   1.103271865073358393e+00
6.611950651392343170e-01   1.168321624025452365e+00   1.171320137465830635e+00   4.204441788362962562e+00   3.512662348089624409e+00   2.778779402438459889e-01   1.114944965483216199e+00
6.631363772724850891e-01   1.175004925140910927e+00   1.181413408361585038e+00   4.272283499177678578e+00   3.568384180934145000e+00   2.750297178001117615e-01   1.126892417838188720e+00
6.650776894057358612e-01   1.181302588580251722e+00   1.190896472850959675e+00   4.338587971041345526e+00   3.622780891251713431e+00   2.722781228512732299e-01   1.139132307023219104e+00
6.670190015389866334e-01   1.187262523749950560e+00   1.199844822414237289e+00   4.403643252286007836e+00   3.676048139949968707e+00   2.696091521795326851e-01   1.151684789901161077e+00
6.689603136722374055e-01   1.192922722728326335e+00   1.208318443513834106e+00   4.467627860813119689e+00   3.728438093098235484e+00   2.670147917179501729e-01   1.164567339824109649e+00
6.709016258054881776e-01   1.198313902103109285e+00   1.216365939259400841e+00   4.530632681673501416e+00   3.779976063175667367e+00   2.644915150482873289e-01   1.177793524844704010e+00
6.728429379387389497e-01   1.203461300660364941e+00   1.224027338968658452e+00   4.592672873940067291e+00   3.830835416192915677e+00   2.620394122753864075e-01   1.191376308421401298e+00
6.747842500719897219e-01   1.208385944528004075e+00   1.231336072987321506e+00   4.654138328622858367e+00   3.881148044100565908e+00   2.596368778075319739e-01   1.205327908895232891e+00
6.767255622052404940e-01   1.213105558064853540e+00   1.238320397412905338e+00   4.715183900030724296e+00   3.931012666489204221e+00   2.572764040140510522e-01   1.219660511544118364e+00
6.786668743384912661e-01   1.217635236041360258e+00   1.245004445302713147e+00   4.775394967521847001e+00   3.980500419837848192e+00   2.549810527344175681e-01   1.234389847417051600e+00
6.806081864717420382e-01   1.221987949463368750e+00   1.251409017581093464e+00   4.835687096961897247e+00   4.029658535416743348e+00   2.527020307478338723e-01   1.249519796388090409e+00
6.825494986049928103e-01   1.226174931653076783e+00   1.257552188412895289e+00   4.895240856482083736e+00   4.078512607915998345e+00   2.504830645931189759e-01   1.265069445747877053e+00
6.844908107382435825e-01   1.230205979447873688e+00   1.263449775644311268e+00   4.954784548053968507e+00   4.127067769150944088e+00   2.482864729064853115e-01   1.281045461906619831e+00
6.864321228714943546e-01   1.234089688930112061e+00   1.269115711387630352e+00   5.014101008341899757e+00   4.175474786794351800e+00   2.461238189811038590e-01   1.297459488059600874e+00
6.883734350047451267e-01   1.237833644426586943e+00   1.274562337519142829e+00   5.072881699898523777e+00   4.223865490340651618e+00   2.440099567966168281e-01   1.314322498570215547e+00
6.903147471379958988e-01   1.241444570055932672e+00   1.279800643887347711e+00   5.132020918670304965e+00   4.271969004395850256e+00   2.419016971539524052e-01   1.331647996846218485e+00
6.922560592712466709e-01   1.244928453537454516e+00   1.284840462276776618e+00   5.191008893682139025e+00   4.320122955885866922e+00   2.398239877902403894e-01   1.349446416578595320e+00
6.941973714044974431e-01   1.248290647306816936e+00   1.289690625775160360e+00   5.249727532326472712e+00   4.368200407139601893e+00   2.377819876593907089e-01   1.367729017721708962e+00
6.961386835377482152e-01   1.251535952938183982e+00   1.294359100803053497e+00   5.308269375619514285e+00   4.416219277527486220e+00   2.357709950980248492e-01   1.386507355702241373e+00
6.980799956709989873e-01   1.254668691138704162e+00   1.298853097345304963e+00   5.367137928901517974e+00   4.464307314971891039e+00   2.337686692161262958e-01   1.405795373857809283e+00
7.000213078042497594e-01   1.257692760575991997e+00   1.303179161605592551e+00   5.426186860043331173e+00   4.512404458758572545e+00   2.317820585644093656e-01   1.425604969859255444e+00
8.786220240633207945e-01   1.182065000651732589e+00   1.223932673183385944e+00   1.368687587777121983e+01   1.128954244406793883e+01   8.636485135161617310e-02   9.664551144416725137e+00
8.805633361965715666e-01   1.176765831600164347e+00   1.217908224200084710e+00   1.385772811661970572e+01   1.142614337613159137e+01   8.491765906338268055e-02   9.941003369000918966e+00
8.825046483298223388e-01   1.171325978612344443e+00   1.211737453340895554e+00   1.402525588661012002e+01   1.156425581906377964e+01   8.351548007980422184e-02   1.022798661330534387e+01
8.844459604630731109e-01   1.165742588674675062e+00   1.205417774421021493e+00   1.420107541817692010e+01   1.170958775567860854e+01   8.208833164723300380e-02   1.052604288185305670e+01
8.863872725963238830e-01   1.160012693909038717e+00   1.198946488263323396e+00   1.437905985820993848e+01   1.185100448828646691e+01   8.067375095088098746e-02   1.083574973565947275e+01
8.883285847295746551e-01   1.154133204512390876e+00   1.192320776373093416e+00   1.455962895767130583e+01   1.200559756263252531e+01   7.926941049581424925e-02   1.115772652171925472e+01
8.902698968628254272e-01   1.148100902208284424e+00   1.185537694114602303e+00   1.475026871635594716e+01   1.215662413533854114e+01   7.783593128274361728e-02   1.149263389940492530e+01
8.922112089960761994e-01   1.141912432622689266e+00   1.178594163346155854e+00   1.493538943568739263e+01   1.231530814557548403e+01   7.645682340857778980e-02   1.184117999941743449e+01
8.941525211293269715e-01   1.135564297105133846e+00   1.171486964435170197e+00   1.513964124087385166e+01   1.247678174858801725e+01   7.500602418763720192e-02   1.220413007737813338e+01
8.960938332625777436e-01   1.129052843614203994e+00   1.164212727638995082e+00   1.532831536697186259e+01   1.264005599481091835e+01   7.365798632033564164e-02   1.258229956363788915e+01
8.980351453958285157e-01   1.122374257820524690e+00   1.156767923718032831e+00   1.554918320994785752e+01   1.281290773661501703e+01   7.218220035522293632e-02   1.297657388129344547e+01
8.999764575290792878e-01   1.115524551998191782e+00   1.149148853785911584e+00   1.574809184462217182e+01   1.298122370630471956e+01   7.083553760064799365e-02   1.338789922613570660e+01
9.019177696623300600e-01   1.108499554247032393e+00   1.141351638231922427e+00   1.598037877000923856e+01   1.316659099215677564e+01   6.936628788344993690e-02   1.381730358122247182e+01
9.038590817955808321e-01   1.101294895941236973e+00   1.133372204678648298e+00   1.619482425943195025e+01   1.334642691625310640e+01   6.800289267108515501e-02   1.426589451360731253e+01
9.058003939288316042e-01   1.093905998362743048e+00   1.125206274836553000e+00   1.643506286402033112e+01   1.353957696161072910e+01   6.655928288278860350e-02   1.473486892325739461e+01
9.077417060620823763e-01   1.086328058266076368e+00   1.116849350132257390e+00   1.666843893727311610e+01   1.373346490392053099e+01   6.517275327066680835e-02   1.522553025133746729e+01
9.096830181953331484e-01   1.078556031550874650e+00   1.108296695995807379e+00   1.691598467466222644e+01   1.393394555142375069e+01   6.375957724568055707e-02   1.573928968831186204e+01
9.116243303285839206e-01   1.070584616205564998e+00   1.099543324596603755e+00   1.716992624935292966e+01   1.414342010339514033e+01   6.235231303022698707e-02   1.627768308298644229e+01
9.135656424618346927e-01   1.062408232383972972e+00   1.090583975912330361e+00   1.742445502705912830e+01   1.435191341697240830e+01   6.097225025024409495e-02   1.684238355120365682e+01
9.155069545950854648e-01   1.054021001879391406e+00   1.081413096852864575e+00   1.770377978417183229e+01   1.457885711195366696e+01   5.953649529812526237e-02   1.743522312650871697e+01
9.174482667283362369e-01   1.045416724420306309e+00   1.072024818250448597e+00   1.796542482550701081e+01   1.479755627521015171e+01   5.819048169326010433e-02   1.805820262829483980e+01
9.193895788615870091e-01   1.036588851786973464e+00   1.062412929402511530e+00   1.827238345739606729e+01   1.504266831548256711e+01   5.672981054736983553e-02   1.871351404207593205e+01
9.213308909948377812e-01   1.027530459285685538e+00   1.052570849877235482e+00   1.854470624177514892e+01   1.528153974391541325e+01   5.540828988549820894e-02   1.940356818745475920e+01
9.232722031280885533e-01   1.018234214007975424e+00   1.042491598171804146e+00   1.888066513521362921e+01   1.553833388694567041e+01   5.392999699512198569e-02   2.013101796590427739e+01
9.252135152613393254e-01   1.008692339569961405e+00   1.032167756816142479e+00   1.918189855521605836e+01   1.580014456963068170e+01   5.258563622711223684e-02   2.089879415614061386e+01
9.271548273945900975e-01   9.988965762463521969e-01   1.021591433416943806e+00   1.953351943530080703e+01   1.606968277483927920e+01   5.113756277023765590e-02   2.171014020306650849e+01
9.290961395278408697e-01   9.888381373272067121e-01   1.010754217006803124e+00   1.986633737344884665e+01   1.635785634611894324e+01   4.977455676599848444e-02   2.256865223323514513e+01
9.310374516610916418e-01   9.785076590748076342e-01   9.996471290443844637e-01   2.023629233926742188e+01   1.664145032831330795e+01   4.835409780951162306e-02   2.347833136225280981e+01
9.329787637943424139e-01   9.678951449724310097e-01   9.882605681947081999e-01   2.060854750265962920e+01   1.695988008691654869e+01   4.696571385477407712e-02   2.444365133783460564e+01
9.349200759275931860e-01   9.569899026266740494e-01   9.765842479265688381e-01   2.099838762324840857e+01   1.726807220454741909e+01   4.557444694311389016e-02   2.546960438644437730e+01
9.368613880608439581e-01   9.457804723584786188e-01   9.646071257126832554e-01   2.141359495002510727e+01   1.761257748921485700e+01   4.416729066584729191e-02   2.656180864585344281e+01
9.388027001940947303e-01   9.342545453981756509e-01   9.523173224434836603e-01   2.182571000410445450e+01   1.795822000158642240e+01   4.280523040132410556e-02   2.772659121700852225e+01
9.407440123273455024e-01   9.223988710222101872e-01   9.397020303332963564e-01   2.229539306866456272e+01   1.832316008044957911e+01   4.137172500980084572e-02   2.897110835881631985e+01
9.426853244605962745e-01   9.101991499799169105e-01   9.267474072034511678e-01   2.273576017609104838e+01   1.871325776485394243e+01   4.003381206215762822e-02   3.030348885735364206e+01
9.446266365938470466e-01   8.976399112351600706e-01   9.134384546471606692e-01   2.326427458106623192e+01   1.910067868855420770e+01   3.858447888014997912e-02   3.173299661209270894e+01
9.465679487270978187e-01   8.847043693946261556e-01   8.997588769272778508e-01   2.373581819545706395e+01   1.954345391153598399e+01   3.727296704538944627e-02   3.327024533223611513e+01
9.485092608603485909e-01   8.713742595460871598e-01   8.856909167068377498e-01   2.434007101144599261e+01   1.997713163853139662e+01   3.579998838689996826e-02   3.492745069793142676e+01
9.504505729935993630e-01   8.576296427262377620e-01   8.712151628669621006e-01   2.485785498455087605e+01   2.046170023696323526e+01   3.450135352624968815e-02   3.671874019489640517e+01
9.523918851268501351e-01   8.434486784415184957e-01   8.563103242459645381e-01   2.554243918770412591e+01   2.096571502292293587e+01   3.302146174228913489e-02   3.866054563404182431e+01
9.543331972601009072e-01   8.288073543478731153e-01   8.409529616885059733e-01   2.611846891517535241e+01   2.148304540996721457e+01   3.173261637347814246e-02   4.077209888504083324e+01
9.562745093933516793e-01   8.136791640679349458e-01   8.251171685651134124e-01   2.690269004708478207e+01   2.207359449230773407e+01   3.024527148191660103e-02   4.307603877313894714e+01
9.582158215266024515e-01   7.980347212131846391e-01   8.087741870223602580e-01   2.756026111950259150e+01   2.266094472508744317e+01   2.895599275176924045e-02   4.559922180660984736e+01
9.601571336598532236e-01   7.818412912580470220e-01   7.918919434652800238e-01   2.845634491595890481e+01   2.332324009785017083e+01   2.747511296925468291e-02   4.837372630097753756e+01
9.620984457931039957e-01   7.650622207380592954e-01   7.744344813378974957e-01   2.922351813835528844e+01   2.403451210268266891e+01   2.617967546261756526e-02   5.143821830504265336e+01
9.640397579263547678e-01   7.476562338947587705e-01   7.563612619943202997e-01   3.025849589200521095e+01   2.474615629314138232e+01   2.470896889796500920e-02   5.483970445655725712e+01
9.659810700596055399e-01   7.295765566208274322e-01   7.376262939643848382e-01   3.120203810302349723e+01   2.561013663582115285e+01   2.338233657083224268e-02   5.863592535124889338e+01
9.679223821928563121e-01   7.107698133388565820e-01   7.181770360952561827e-01   3.236954342605063317e+01   2.650906861081193711e+01   2.195798080880057707e-02   6.289859468365815331e+01
9.698636943261070842e-01   6.911746206220641398e-01   6.979529981301076935e-01   3.356076394293955900e+01   2.743349683439380726e+01   2.059472250980961400e-02   6.771791370447598979e+01
9.718050064593578563e-01   6.707197668166600124e-01   6.768839298070121746e-01   3.489404395063223774e+01   2.857129016623576945e+01   1.922161179614458038e-02   7.320893300011773874e+01
9.737463185926086284e-01   6.493218204836922469e-01   6.548874398473889524e-01   3.645515692793518525e+01   2.978854479115132037e+01   1.781152174896068197e-02   7.952071870787048624e+01
9.756876307258594005e-01   6.268819284364326450e-01   6.318658083561853323e-01   3.792641346869607588e+01   3.108402995488567200e+01   1.652890086624858590e-02   8.684996829879824531e+01
9.776289428591101727e-01   6.032814420397016875e-01   6.077016304950871861e-01   4.004537465060423074e+01   3.261177402143071902e+01   1.506494688346233200e-02   9.546166029923401197e+01
9.795702549923609448e-01   5.783757981020016814e-01   5.822517196622254421e-01   4.216688137594534425e+01   3.441051805853859946e+01   1.371635224681196953e-02   1.057214981790184538e+02
9.809569065161115597e-01   5.596893879213666878e-01   5.631892851581266068e-01   4.394125617902621173e+01   3.578619905317678018e+01   1.273721865485753779e-02   1.143383274194164301e+02
9.823435580398621747e-01   5.401671087729482679e-01   5.433022951092592034e-01   4.584602773502077611e+01   3.736885753472269300e+01   1.178220088979107898e-02   1.243155819564767626e+02
9.837302095636127897e-01   5.197137446815531803e-01   5.224962160670241218e-01   4.820815274299236819e+01   3.921808879400720116e+01   1.078061935814580291e-02   1.360012719608209295e+02
9.851168610873634046e-01   4.982135616762661812e-01   5.006560671902496873e-01   5.071202815252092932e+01   4.106312160272259604e+01   9.824366719821276545e-03   1.498732876998141705e+02
9.865035126111140196e-01   4.755234714607468050e-01   4.776395913354383183e-01   5.369258475895905036e+01   4.362542154899368541e+01   8.856408638092280045e-03   1.666064552388255322e+02
9.874939779852215382e-01   4.584896403985112556e-01   4.603814405337128268e-01   5.595643574621235672e+01   4.545839037183414177e+01   8.193689149143958128e-03   1.808389815351656864e+02
9.884844433593290569e-01   4.406763432956495308e-01   4.423515522155824220e-01   5.921106645371790478e+01   4.779962125522611416e+01   7.442465905256114532e-03   1.975299663223208881e+02
9.894749087334365756e-01   4.219845207995831515e-01   4.234511806996767991e-01   6.161330348619978992e+01   5.018386051767133438e+01   6.848918933458902902e-03   2.173790087875993606e+02
9.904653741075440943e-01   4.022914952944347533e-01   4.035578478989342854e-01   6.629232921140386736e+01   5.325608229123938742e+01   6.068447135286823661e-03   2.413836792077112534e+02
7.854390416672837327e-01   1.308190349389064977e+00   1.373172817338139895e+00   8.339166452015252418e+00   6.897744351502209881e+00   1.568730348430599220e-01   3.078255608156208023e+00
7.873803538005345048e-01   1.307648543696245724e+00   1.372483960196889230e+00   8.420312481475123789e+00   6.962711622961737845e+00   1.552969140483921318e-01   3.142218607216832105e+00
7.893216659337852770e-01   1.307030565971331271e+00   1.371700177922970720e+00   8.500058493948413840e+00   7.028042352374134438e+00   1.537672437080129517e-01   3.207911293685143050e+00
7.912629780670360491e-01   1.306335942491500868e+00   1.370821337413372865e+00   8.580149400181021235e+00   7.094079566095904177e+00   1.522509552647113851e-01   3.275382438038652921e+00
7.932042902002868212e-01   1.305564171613809776e+00   1.369847271327338856e+00   8.663402774679838103e+00   7.161791698817291163e+00   1.506987733999309298e-01   3.344689577631698718e+00
7.951456023335375933e-01   1.304714723764959672e+00   1.368777778467729078e+00   8.744736996890965841e+00   7.229890844203155531e+00   1.491999958636638091e-01   3.415888207876163207e+00
7.970869144667883655e-01   1.303787041625582566e+00   1.367612624086912865e+00   8.829372220248034253e+00   7.298306581597677756e+00   1.476647500074424191e-01   3.489037121621215931e+00
7.990282266000391376e-01   1.302780539831928763e+00   1.366351540123955877e+00   8.914314594081513832e+00   7.367008039350777082e+00   1.461447793974967879e-01   3.564198058002653546e+00
8.009695387332899097e-01   1.301694604960857760e+00   1.364994225387748727e+00   8.998349333983195919e+00   7.438089488999237275e+00   1.446592654549288814e-01   3.641432677122359074e+00
8.029108508665406818e-01   1.300528595253581221e+00   1.363540345662048958e+00   9.087012209800581886e+00   7.509503084193569045e+00   1.431194946399353407e-01   3.720806333094772711e+00
8.048521629997914539e-01   1.299281840812682054e+00   1.361989533765826321e+00   9.172977158479568516e+00   7.581139012358475426e+00   1.416423281520565458e-01   3.802389297597818185e+00
8.067934751330422261e-01   1.297953642656125339e+00   1.360341389542062407e+00   9.263151862231227440e+00   7.653452823965464447e+00   1.401200867653146498e-01   3.886251471669821989e+00
8.087347872662929982e-01   1.296543272982376038e+00   1.358595479791385729e+00   9.352958301865951896e+00   7.728073318242844714e+00   1.386238697037396883e-01   3.972466950479867531e+00
8.106760993995437703e-01   1.295049974710764218e+00   1.356751338146402475e+00   9.443034937110388327e+00   7.802895121045848370e+00   1.371434060485489936e-01   4.061116259888418512e+00
8.126174115327945424e-01   1.293472960717735987e+00   1.354808464889126540e+00   9.536797264984617328e+00   7.877772368392582436e+00   1.356297009129953934e-01   4.152275337765443552e+00
8.145587236660453145e-01   1.291811413748405357e+00   1.352766326705826749e+00   9.627146684469755300e+00   7.954861176264556910e+00   1.341842454558545006e-01   4.246030818772695170e+00
8.165000357992960867e-01   1.290064485896095903e+00   1.350624356387267300e+00   9.724931670568670583e+00   8.033065521245772445e+00   1.326553779087538409e-01   4.342468522160566557e+00
8.184413479325468588e-01   1.288231297882816762e+00   1.348381952472448075e+00   9.818640221984821892e+00   8.111265453930201375e+00   1.312026175476264933e-01   4.441683761578394396e+00
8.203826600657976309e-01   1.286310938356450606e+00   1.346038478820267503e+00   9.917736076127219746e+00   8.190745653565340234e+00   1.296980408112193561e-01   4.543765402329536407e+00
8.223239721990484030e-01   1.284302463616427303e+00   1.343593264137873389e+00   1.001550210026815257e+01   8.272526654788626033e+00   1.282314606655658162e-01   4.648817305125030330e+00
8.242652843322991751e-01   1.282204896640337211e+00   1.341045601432834244e+00   1.011553012246151440e+01   8.354213166547889813e+00   1.267560751752598858e-01   4.756941411994406010e+00
8.262065964655499473e-01   1.280017226166250799e+00   1.338394747410750485e+00   1.021742639351357163e+01   8.436649192265493369e+00   1.252778514733276505e-01   4.868248349556972165e+00
8.281479085988007194e-01   1.277738406096773360e+00   1.335639921803453145e+00   1.031885323720362990e+01   8.522194260346465100e+00   1.238256206116015723e-01   4.982848631846775511e+00
8.300892207320514915e-01   1.275367354681293142e+00   1.332780306632258549e+00   1.042498001577052769e+01   8.607515064843308750e+00   1.223376306479210807e-01   5.100865626957604704e+00
8.320305328653022636e-01   1.272902953129801062e+00   1.329815045398639484e+00   1.052792225963189132e+01   8.693544841701621451e+00   1.209073283159205342e-01   5.222418137831946083e+00
8.339718449985530357e-01   1.270344044933040095e+00   1.326743242214708296e+00   1.063847730319148077e+01   8.783028025165871000e+00   1.194103261894391976e-01   5.347638772622197223e+00
8.359131571318038079e-01   1.267689434858084496e+00   1.323563960839658771e+00   1.074344859589427337e+01   8.872104496898426618e+00   1.179965095511832096e-01   5.476664211009749650e+00
8.378544692650545800e-01   1.264937887244855119e+00   1.320276223660961756e+00   1.085842239965734102e+01   8.962461816073075127e+00   1.164937078967173689e-01   5.609635194644356559e+00
8.397957813983053521e-01   1.262088125587865761e+00   1.316879010570973563e+00   1.096572071990479458e+01   9.056033609123305794e+00   1.150939512162610784e-01   5.746705379045241813e+00
8.417370935315561242e-01   1.259138830197002790e+00   1.313371257781011270e+00   1.108526349944835587e+01   9.148945711748810439e+00   1.135867298291702576e-01   5.888028567939895375e+00
8.436784056648068963e-01   1.256088637655125240e+00   1.309751856529441705e+00   1.119667711574747671e+01   9.244488672040429122e+00   1.121840546681934225e-01   6.033773037336259470e+00
8.456197177980576685e-01   1.252936138687687162e+00   1.306019651705543128e+00   1.131947013815965164e+01   9.342260772992448281e+00   1.106885855428735438e-01   6.184108972855240083e+00
8.475610299313084406e-01   1.249679876986306226e+00   1.302173440365697710e+00   1.143477956230075954e+01   9.439024930239352074e+00   1.092876229207221939e-01   6.339218760805995778e+00
8.495023420645592127e-01   1.246318347276314853e+00   1.298211970153700490e+00   1.156161599389588979e+01   9.540772801346802723e+00   1.077979365457497757e-01   6.499297123725805925e+00
8.514436541978099848e-01   1.242849993214690585e+00   1.294133937600311146e+00   1.168106635286617312e+01   9.642795567502970400e+00   1.063986759145267164e-01   6.664543029483744441e+00
8.533849663310607569e-01   1.239273206370285152e+00   1.289937986313212992e+00   1.181217245524305071e+01   9.744937334276233543e+00   1.049149266204804642e-01   6.835171396079078754e+00
8.553262784643115291e-01   1.235586322994322472e+00   1.285622705034402014e+00   1.193548931123223511e+01   9.852514127039455616e+00   1.035220501459909598e-01   7.011403340380613081e+00
8.572675905975623012e-01   1.231787622510296387e+00   1.281186625569024740e+00   1.207182249719283007e+01   9.958743353857473224e+00   1.020382483918012423e-01   7.193476269316399829e+00
8.592089027308130733e-01   1.227875325133595652e+00   1.276628220566605743e+00   1.219922932162927687e+01   1.006870149985014073e+01   1.006518766686817085e-01   7.381639520258636900e+00
8.611502148640638454e-01   1.223847589236584099e+00   1.271945901151377845e+00   1.234108992744852529e+01   1.018094964028431804e+01   9.916851724048736383e-02   7.576158527169936541e+00
8.630915269973146176e-01   1.219702508555087661e+00   1.267138014390632117e+00   1.247216140260756134e+01   1.029193574071867623e+01   9.779399650008407940e-02   7.777308388863585442e+00
8.650328391305653897e-01   1.215438109691149293e+00   1.262202840584530472e+00   1.262073693416172837e+01   1.041055810955727345e+01   9.630484464034816394e-02   7.985384227786964217e+00
8.669741512638161618e-01   1.211052348756652464e+00   1.257138590369051734e+00   1.275648709667840208e+01   1.052732343798191117e+01   9.493619517492338233e-02   8.200698773018382681e+00
8.689154633970669339e-01   1.206543108511255014e+00   1.251943401618168528e+00   1.291141363168573442e+01   1.064821425424999290e+01   9.344779300930249055e-02   8.423582066485771236e+00
8.708567755303177060e-01   1.201908194328211721e+00   1.246615336118500172e+00   1.305348374689116930e+01   1.077192891924265794e+01   9.207566482889745219e-02   8.654383373655697653e+00
8.727980876635684782e-01   1.197145331188607997e+00   1.241152376024139192e+00   1.321390724217820534e+01   1.089458170944376647e+01   9.059737663114307560e-02   8.893473605219405442e+00
8.747393997968192503e-01   1.192252159220402064e+00   1.235552420041118760e+00   1.336356953856667218e+01   1.102573664802423892e+01   8.921659409782804750e-02   9.141246031988456977e+00
8.766807119300700224e-01   1.187226229732345928e+00   1.229813279341827936e+00   1.352910646703935349e+01   1.115421688605530548e+01   8.775348413620348564e-02   9.398124907227384028e+00
8.786220240633207945e-01   1.182065000674469957e+00   1.223932673183129927e+00   1.368687587776636860e+01   1.128954244406353880e+01   8.636485135330804197e-02   9.664550999389710739e+00
8.805633361965715666e-01   1.176765831603347578e+00   1.217908224200331624e+00   1.385772811659115256e+01   1.142614337610904229e+01   8.491765906378735684e-02   9.941003230456189499e+00
8.825046483298223388e-01   1.171325978631671205e+00   1.211737453341668713e+00   1.402525588659764466e+01   1.156425581905357447e+01   8.351548008125650457e-02   1.022798697051326933e+01
8.844459604630731109e-01   1.165742588734360652e+00   1.205417774420664889e+00   1.420107541822875064e+01   1.170958775571805965e+01   8.208833165113628427e-02   1.052604230647643213e+01
8.863872725963238830e-01   1.160012693894145741e+00   1.198946488263726406e+00   1.437905985820323096e+01   1.185100448827976116e+01   8.067375094988288309e-02   1.083574977354630953e+01
8.883285847295746551e-01   1.154133204545473745e+00   1.192320776372498559e+00   1.455962895767831000e+01   1.200559756263711009e+01   7.926941049804835104e-02   1.115772577111354913e+01
8.902698968628254272e-01   1.148100902196915740e+00   1.185537694115326168e+00   1.475026871637805748e+01   1.215662413535883957e+01   7.783593128185620214e-02   1.149263267692526291e+01
8.922112089960761994e-01   1.141912432652816278e+00   1.178594163344746537e+00   1.493538943568908905e+01   1.231530814557479303e+01   7.645682341058626652e-02   1.184117925774193480e+01
8.941525211293269715e-01   1.135564297070573048e+00   1.171486964435759504e+00   1.513964124080954221e+01   1.247678174853490596e+01   7.500602418567300922e-02   1.220412910425856623e+01
8.960938332625777436e-01   1.129052843641488835e+00   1.164212727638190614e+00   1.532831536700328634e+01   1.264005599483170883e+01   7.365798632196465801e-02   1.258229991745527876e+01
8.980351453958285157e-01   1.122374257869296343e+00   1.156767923717938684e+00   1.554918320993124325e+01   1.281290773660054683e+01   7.218220035843665727e-02   1.297657449184865364e+01
8.999764575290792878e-01   1.115524552000692893e+00   1.149148853787029800e+00   1.574809184456634448e+01   1.298122370625094035e+01   7.083553760105791575e-02   1.338789969291684123e+01
6.961386835377482152e-01   1.251535952941026153e+00   1.294359100803378126e+00   5.308269375624886877e+00   4.416219277531511445e+00   2.357709950983216673e-01   1.386508089133307697e+00
6.980799956709989873e-01   1.254668691181564100e+00   1.298853097345173957e+00   5.367137928901725807e+00   4.464307314971917684e+00   2.337686692241028596e-01   1.405797617791658238e+00
7.000213078042497594e-01   1.257692760612258098e+00   1.303179161605309888e+00   5.426186860064148298e+00   4.512404458769261772e+00   2.317820585702037028e-01   1.425606224717463011e+00
7.019626199375005315e-01   1.260611687647156032e+00   1.307343254424188972e+00   5.485197384996666869e+00   4.560475481122995944e+00   2.298206608016025165e-01   1.445949254814513862e+00
7.039039320707513037e-01   1.263428668808614930e+00   1.311350818017384734e+00   5.544233695852912369e+00   4.608821004095021934e+00   2.278815681513677582e-01   1.466839697518387275e+00
7.058452442040020758e-01   1.266146607180530737e+00   1.315206833117313900e+00   5.603343601869570811e+00   4.656998728914291341e+00   2.259626924820525851e-01   1.488288248479579634e+00
7.077865563372528479e-01   1.268768143401644011e+00   1.318915868134327596e+00   5.662568052001674346e+00   4.705501393593012338e+00   2.240623215032522542e-01   1.510312209612433954e+00
7.097278684705036200e-01   1.271295682494496759e+00   1.322482121666545662e+00   5.721952734211377845e+00   4.754141628122043883e+00   2.221786410246731625e-01   1.532923306617983261e+00
7.116691806037543921e-01   1.273731417347448769e+00   1.325909459421022563e+00   5.781520034526643315e+00   4.802743437105362112e+00   2.203108196012217579e-01   1.556134626557394984e+00
7.136104927370051643e-01   1.276077349300408281e+00   1.329201446421631072e+00   5.841311785282149671e+00   4.851553906585975184e+00   2.184573253760620226e-01   1.579966162535840546e+00
7.155518048702559364e-01   1.278335305551877354e+00   1.332361375209846877e+00   5.901335852735238419e+00   4.900765614137273296e+00   2.166179552311661149e-01   1.604428032145172933e+00
7.174931170035067085e-01   1.280506954972111089e+00   1.335392290640025958e+00   5.961627280409534713e+00   4.950041681602814769e+00   2.147915149241175770e-01   1.629534467447450563e+00
7.194344291367574806e-01   1.282593822070793976e+00   1.338297011741041764e+00   6.022183163075363055e+00   4.999419458630557145e+00   2.129782152650117333e-01   1.655307125748304964e+00
7.213757412700082527e-01   1.284597299073084287e+00   1.341078151076799729e+00   6.083027487559655277e+00   5.048932266307564198e+00   2.111772964531564156e-01   1.681757025304125408e+00
7.233170534032590249e-01   1.286518656379371572e+00   1.343738131919021583e+00   6.144150321076755183e+00   5.098937822657458874e+00   2.093891895786024193e-01   1.708903865346564466e+00
7.252583655365097970e-01   1.288359052820964967e+00   1.346279203546304037e+00   6.205558708564717030e+00   5.149224610968032856e+00   2.076137078588608798e-01   1.736763545099381023e+00
7.271996776697605691e-01   1.290119543719924877e+00   1.348703454904616406e+00   6.267239708599764647e+00   5.199715337327431186e+00   2.058513163218652631e-01   1.765354419104812944e+00
7.291409898030113412e-01   1.291801088759143790e+00   1.351012826821657686e+00   6.329175473063798130e+00   5.250435550086438141e+00   2.041025871785183132e-01   1.794694905359365489e+00
7.310823019362621134e-01   1.293404558779911895e+00   1.353209122981450907e+00   6.391354646564434638e+00   5.301411042345791635e+00   2.023678281528564216e-01   1.824803052560743266e+00
7.330236140695128855e-01   1.294930741969551491e+00   1.355294019784759385e+00   6.453723812539275073e+00   5.352667029198869386e+00   2.006486145957413481e-01   1.855700119021506111e+00
7.349649262027636576e-01   1.296380349456399017e+00   1.357269075239530221e+00   6.516831748860312246e+00   5.404223444680506638e+00   1.989280066472661201e-01   1.887405008708261667e+00
7.369062383360144297e-01   1.297754019896501854e+00   1.359135736985759735e+00   6.580725735344776339e+00   5.456104876957217797e+00   1.972053041089867065e-01   1.919936574788362105e+00
7.388475504692652018e-01   1.299052324808371850e+00   1.360895349559591239e+00   6.644897385845309756e+00   5.508326295381341886e+00   1.954962205399229380e-01   1.953317828814668200e+00
7.407888626025159740e-01   1.300275771666860924e+00   1.362549160978735907e+00   6.709276408107873735e+00   5.560911219936382821e+00   1.938026834153878941e-01   1.987570802517251600e+00
7.427301747357667461e-01   1.301424808350134299e+00   1.364098328710955599e+00   6.773801628602832636e+00   5.613870370412147537e+00   1.921262061845420421e-01   2.022717831489055484e+00
7.446714868690175182e-01   1.302499825992299520e+00   1.365543925110810353e+00   6.838415938554565976e+00   5.667225596027905432e+00   1.904680612726240285e-01   2.058781158462696492e+00
7.466127990022682903e-01   1.303501162229736110e+00   1.366886942367768754e+00   6.904451894155508640e+00   5.720983933877861638e+00   1.887914033166233074e-01   2.095784365314761644e+00
7.485541111355190624e-01   1.304429104139444462e+00   1.368128297006489191e+00   6.971101469024968189e+00   5.775164768200832022e+00   1.871195118784997335e-01   2.133755788678639131e+00
7.504954232687698346e-01   1.305283890308260197e+00   1.369268834007802971e+00   7.037820053867390513e+00   5.829771896557499389e+00   1.854670736559947408e-01   2.172717632523875952e+00
7.524367354020206067e-01   1.306065713161046915e+00   1.370309330560770533e+00   7.104497209663576562e+00   5.884821203153732583e+00   1.838364735205369749e-01   2.212695929637668257e+00
7.543780475352713788e-01   1.306774721497390601e+00   1.371250499502092213e+00   7.171845460488011526e+00   5.940313586271561697e+00   1.822089905167129376e-01   2.253718478401907532e+00
7.563193596685221509e-01   1.307411021710322530e+00   1.372092992451181104e+00   7.240854479644054820e+00   5.996260082095452582e+00   1.805603227334285632e-01   2.295815770516814069e+00
7.582606718017729230e-01   1.307974680130087108e+00   1.372837402693293019e+00   7.309801601006442162e+00   6.052658946018842023e+00   1.789343612212402901e-01   2.339013089117180755e+00
7.602019839350236952e-01   1.308465723942617842e+00   1.373484267807583592e+00   7.378521712287558820e+00   6.109514603628071860e+00   1.773344004346576464e-01   2.383342508153967643e+00
7.621432960682744673e-01   1.308884143150862656e+00   1.374034072082742419e+00   7.448414719682759255e+00   6.166822859695771264e+00   1.757265394597429531e-01   2.428835204331713182e+00
7.640846082015252394e-01   1.309229891427548864e+00   1.374487248720683619e+00   7.519754322296515525e+00   6.224579210572430910e+00   1.741054076122679761e-01   2.475521280311664185e+00
7.660259203347760115e-01   1.309502887495341605e+00   1.374844181858015046e+00   7.590748289310973007e+00   6.282777161399924815e+00   1.725130168443785583e-01   2.523437211721426987e+00
7.679672324680267836e-01   1.309703016074535986e+00   1.375105208422105596e+00   7.661315649597188582e+00   6.341400209510411834e+00   1.709501443323767633e-01   2.572612383820395365e+00
7.699085446012775558e-01   1.309830128902831348e+00   1.375270619815608164e+00   7.735129684225271696e+00   6.400625509067940477e+00   1.693352512982489455e-01   2.623087343707156904e+00
7.718498567345283279e-01   1.309884045423359566e+00   1.375340663470288938e+00   7.808436938664234717e+00   6.460873267840778311e+00   1.677524011159443884e-01   2.674894019227489039e+00
7.737911688677791000e-01   1.309864553766260542e+00   1.375315544246997979e+00   7.880956021542239398e+00   6.521613214102798928e+00   1.662063016448517838e-01   2.728074093935748845e+00
7.757324810010298721e-01   1.309771411061888324e+00   1.375195425727032905e+00   7.956623007951201920e+00   6.582819515136256960e+00   1.646139838161251590e-01   2.782663778360403128e+00
7.776737931342806442e-01   1.309604344468652926e+00   1.374980431378517665e+00   8.032220323218508540e+00   6.644470266246243817e+00   1.630438772555848903e-01   2.838705662766188187e+00
7.796151052675314164e-01   1.309363051365267205e+00   1.374670645607976027e+00   8.106752972104512622e+00   6.706535765950803807e+00   1.615151042434387341e-01   2.896242695101129083e+00
7.815564174007821885e-01   1.309047199738756717e+00   1.374266114719279397e+00   8.184846392568184470e+00   6.769099614289338263e+00   1.599354632882747373e-01   2.955315473030481144e+00
7.834977295340329606e-01   1.308656428777453584e+00   1.373766847771282773e+00   8.262627654229230956e+00   6.833194349093443698e+00   1.583825973457265723e-01   3.015969357117323391e+00
7.854390416672837327e-01   1.308190349380311090e+00   1.373172817337841245e+00   8.339166452016860021e+00   6.897744351502666404e+00   1.568730348419799248e-01   3.078255413249193051e+00
7.873803538005345048e-01   1.307648543687605525e+00   1.372483960196433150e+00   8.420312481437200347e+00   6.962711622932486577e+00   1.552969140480654486e-01   3.142219031801802842e+00
7.893216659337852770e-01   1.307030566000662475e+00   1.371700177924001673e+00   8.500058493950312766e+00   7.028042352376148827e+00   1.537672437114293023e-01   3.207910712703534450e+00
7.912629780670360491e-01   1.306335942488772384e+00   1.370821337414537933e+00   8.580149400192318865e+00   7.094079566105035539e+00   1.522509552641929109e-01   3.275383031196684502e+00
7.932042902002868212e-01   1.305564171619039371e+00   1.369847271326864790e+00   8.663402774670123208e+00   7.161791698810056062e+00   1.506987734007035618e-01   3.344690307243018079e+00
7.951456023335375933e-01   1.304714723773827245e+00   1.368777778467849648e+00   8.744736996888905267e+00   7.229890844201899647e+00   1.491999958647129698e-01   3.415889364873338607e+00
7.970869144667883655e-01   1.303787041642294753e+00   1.367612624086382178e+00   8.829372220253262071e+00   7.298306581601754495e+00   1.476647500092477805e-01   3.489037550341916205e+00
7.990282266000391376e-01   1.302780539796799530e+00   1.366351540124261632e+00   8.914314594087485943e+00   7.367008039354860038e+00   1.461447793934581019e-01   3.564197227558842496e+00
8.009695387332899097e-01   1.301694604926978860e+00   1.364994225387285098e+00   8.998349333966787711e+00   7.438089488986330267e+00   1.446592654514276821e-01   3.641432216603405436e+00
8.029108508665406818e-01   1.300528595287005373e+00   1.363540345661456543e+00   9.087012209796437645e+00   7.509503084189912414e+00   1.431194946436788185e-01   3.720806469394226212e+00
8.048521629997914539e-01   1.299281840778235164e+00   1.361989533765870064e+00   9.172977158469135972e+00   7.581139012350877948e+00   1.416423281484623653e-01   3.802388315225781579e+00
8.067934751330422261e-01   1.297953642645438777e+00   1.360341389542075952e+00   9.263151862239725531e+00   7.653452823971708341e+00   1.401200867640324255e-01   3.886250833097656177e+00
8.087347872662929982e-01   1.296543272949634229e+00   1.358595479791322003e+00   9.352958301870517133e+00   7.728073318245211709e+00   1.386238697001713205e-01   3.972467036261529305e+00
8.106760993995437703e-01   1.295049974693369910e+00   1.356751338147364150e+00   9.443034937100955872e+00   7.802895121038501358e+00   1.371434060468439686e-01   4.061116055098534794e+00
8.126174115327945424e-01   1.293472960677490846e+00   1.354808464888554553e+00   9.536797264999403723e+00   7.877772368403634040e+00   1.356297009085651040e-01   4.152275171236122553e+00
8.145587236660453145e-01   1.291811413813661602e+00   1.352766326706035693e+00   9.627146684450892167e+00   7.954861176249696797e+00   1.341842454628957571e-01   4.246031319549299354e+00
8.165000357992960867e-01   1.290064485876541767e+00   1.350624356387305047e+00   9.724931670580239995e+00   8.033065521254000529e+00   1.326553779065853256e-01   4.342470322710430430e+00
8.184413479325468588e-01   1.288231297821084587e+00   1.348381952472372580e+00   9.818640221997656070e+00   8.111265453939012104e+00   1.312026175411677431e-01   4.441683099508193955e+00
8.203826600657976309e-01   1.286310938342353438e+00   1.346038478820391848e+00   9.917736076105676091e+00   8.190745653548656691e+00   1.296980408100796844e-01   4.543766110645949929e+00
9.223985803155552166e-01   5.850886265855024249e-01   3.365223527014030158e-01   5.532506686543885444e+00   2.286636555739403054e+00   1.057547075376429058e-01   1.420333947333448643e+00
9.213560261314533983e-01   5.820549127984122606e-01   3.332317403856129845e-01   5.093096787400110514e+00   1.957531013882562565e+00   1.142831045815517893e-01   1.339102475691859251e+00
9.187496406711987973e-01   5.790928834508122236e-01   3.300131577185633769e-01   4.383176223333388855e+00   1.585901046710400442e+00   1.321171803150579804e-01   1.233361945771721757e+00
9.161432552109441962e-01   5.782677562993967513e-01   3.291140390603671806e-01   3.891637582411629825e+00   1.436244432072519173e+00   1.485923969161195290e-01   1.174849245007681953e+00
9.135368697506895952e-01   5.783363388690077045e-01   3.291891145114619888e-01   3.516030783938950854e+00   1.364351087041505428e+00   1.644855731954391886e-01   1.136571027198797657e+00
9.109304842904349941e-01   5.789041696090180267e-01   3.298116250093588997e-01   3.218469695651213325e+00   1.325396749124974516e+00   1.798693864948399668e-01   1.109541146832398129e+00
9.091823877083914374e-01   5.794707138981038952e-01   3.304341501301789052e-01   3.052086543800171192e+00   1.308835299635952243e+00   1.898605120078284136e-01   1.095524918353497412e+00
9.057513799026781776e-01   5.808829812657450020e-01   3.319904789632519559e-01   2.785259823719428152e+00   1.288582715388887578e+00   2.085561197267533640e-01   1.074436410094033789e+00
8.990335290274065194e-01   5.843936724991181109e-01   3.358813318586600372e-01   2.425016831357996505e+00   1.272118880512459249e+00   2.409854088195589050e-01   1.048084798682494378e+00
8.854966838366815640e-01   5.930709828661520078e-01   3.456085143840938456e-01   2.053279733043874788e+00   1.272035967178028804e+00   2.888408107876059838e-01   1.022186801154120861e+00
8.576194583482688039e-01   6.142551053364968539e-01   3.699265417858338956e-01   1.813853815809638226e+00   1.309023118507717465e+00   3.386464223205968849e-01   1.003578713957898660e+00
8.194140110423634438e-01   6.482141540884640563e-01   4.104566408071316230e-01   1.778480715996115125e+00   1.386230091765823458e+00   3.644763467257521872e-01   9.953203267363456286e-01
7.878728701120831790e-01   6.807674441794232534e-01   4.509867642824333944e-01   1.826394731576678421e+00   1.466418333878802605e+00   3.727383968041425577e-01   9.918902337618000775e-01
7.613565066744976129e-01   7.121481924913268813e-01   4.915169040141845747e-01   1.897833203589542661e+00   1.547465316905306754e+00   3.752427722016755673e-01   9.896562589288701028e-01
7.388856017839218193e-01   7.425388909198318288e-01   5.320470582424318140e-01   1.979724474733918438e+00   1.629256827459649504e+00   3.750718346903457734e-01   9.879156216505726729e-01
7.197756026842051513e-01   7.720888883617361698e-01   5.725772276755869417e-01   2.067829934868623987e+00   1.712074287409613538e+00   3.733812318616954173e-01   9.864642103217425850e-01
7.086478814638338397e-01   7.913845900955038815e-01   5.995973494647995894e-01   2.129262026134440156e+00   1.768050137912023478e+00   3.716708326087135861e-01   9.856416927318266685e-01
6.986689960873594396e-01   8.103953739845337623e-01   6.266174786157007182e-01   2.192576239456622833e+00   1.824788475202377747e+00   3.696087549436231634e-01   9.849293790347076749e-01
6.897400037320081667e-01   8.291509072269037661e-01   6.536376158125125624e-01   2.257736780224612883e+00   1.882433528138627299e+00   3.672487043172565913e-01   9.843500684832602321e-01
6.817774636793069165e-01   8.476783993853587162e-01   6.806577610387815058e-01   2.324775960395871532e+00   1.941139419412061695e+00   3.646279959127815551e-01   9.839345869822101465e-01
6.747107627367123772e-01   8.660029841161076547e-01   7.076779150640459815e-01   2.393778031005511231e+00   2.001073812150749642e+00   3.617724671624383825e-01   9.836985892198902848e-01
6.704673689403971570e-01   8.781182549619187538e-01   7.256913562115718808e-01   2.440901579829547696e+00   2.041809055061932554e+00   3.597516025300943610e-01   9.836642042479321058e-01
6.665799177580803425e-01   8.901603123283622354e-01   7.437048014824796383e-01   2.489059239828780079e+00   2.083206099661249144e+00   3.576292191380689989e-01   9.837432539726744807e-01
6.630346179416870545e-01   9.021354415716587027e-01   7.617182510797941841e-01   2.538215225939090214e+00   2.125317916432007515e+00   3.554211764047259248e-01   9.839506322346717182e-01
6.598191605348873168e-01   9.140496931410098114e-01   7.797317052433859752e-01   2.588464321521332767e+00   2.168261306594894133e+00   3.531243160438040651e-01   9.842990091709927780e-01
6.569225951904401617e-01   9.259089080585454212e-01   7.977451640635936370e-01   2.639902429350157398e+00   2.212035377153133808e+00   3.507360339398864491e-01   9.848151257026289684e-01
6.551638768794928458e-01   9.337872750825226831e-01   8.097541392631498747e-01   2.674833326551171453e+00   2.241739719836094213e+00   3.491011069039253178e-01   9.852604286751638352e-01
6.535399735237310548e-01   9.416453323966607059e-01   8.217631166908279106e-01   2.710386058044634172e+00   2.271878426987249622e+00   3.474211098458778735e-01   9.857934218299960749e-01
6.520485243554544619e-01   9.494846846931750406e-01   8.337720961793165797e-01   2.746546559844050162e+00   2.302474212327004555e+00   3.457012885108662337e-01   9.864260824032180519e-01
6.506873808267500392e-01   9.573069093611367153e-01   8.457810779861097972e-01   2.783294249085796146e+00   2.333551499603752077e+00   3.439474319596552698e-01   9.871582574881226924e-01
6.494545997427652040e-01   9.651135595884170471e-01   8.577900621614757970e-01   2.820696846327723328e+00   2.365135447376034872e+00   3.421543016382289637e-01   9.880049425986171530e-01
6.487031889298116027e-01   9.703100973772507132e-01   8.657960529296051533e-01   2.846067953620252222e+00   2.386486119292271280e+00   3.409300526865488012e-01   9.886419259507028823e-01
6.480075806057647991e-01   9.755008424548350376e-01   8.738020448338569279e-01   2.871687101537991005e+00   2.408082138978146602e+00   3.396960768923555918e-01   9.893322107714105362e-01
6.473673442391021382e-01   9.806862399843795375e-01   8.818080377117150093e-01   2.897682510899838526e+00   2.429932085068549963e+00   3.384381264322294247e-01   9.900854228585201922e-01
6.467820869170800568e-01   9.858667315480714732e-01   8.898140317869246418e-01   2.923982257379586613e+00   2.452044861947659360e+00   3.371657707771404944e-01   9.909020101280362480e-01
6.438898671125015127e-01   1.040660526219539861e+00   9.747867778460395094e-01   3.227196046840560939e+00   2.705588979117520054e+00   3.224658530548062396e-01   1.004632261011899397e+00
6.438978187269993603e-01   1.042652272661371171e+00   9.778800427714163801e-01   3.239152835298160671e+00   2.715574092594384314e+00   3.218904218718028343e-01   1.005346879487360567e+00
6.439176977632438126e-01   1.045028737432062371e+00   9.815707134928955968e-01   3.253512678507008982e+00   2.727558110694623394e+00   3.212001429518360762e-01   1.006228611666394768e+00
6.439375767994882649e-01   1.046637495326194767e+00   9.840690496945116994e-01   3.263390270609335619e+00   2.735680604715086339e+00   3.207209094028364849e-01   1.006840928888132369e+00
6.439872743900995067e-01   1.049575596220620355e+00   9.886315634595752577e-01   3.281422105627759489e+00   2.750713244944712699e+00   3.198538811634625278e-01   1.007990422381503937e+00
6.441115183666276112e-01   1.054569862980315520e+00   9.963860405384364904e-01   3.312469947998517572e+00   2.776538699080485895e+00   3.183636016433944449e-01   1.010044293911473323e+00
6.448880432199278756e-01   1.071203348022208957e+00   1.022196120091809490e+00   3.419731276296544831e+00   2.865645390735267473e+00   3.132419659542040047e-01   1.017902710024461532e+00
6.456645680732281400e-01   1.081665637678838721e+00   1.038410164948529113e+00   3.490353973395458276e+00   2.924231392610542990e+00   3.099014157084421517e-01   1.023736161460865546e+00
6.476058802064789122e-01   1.100286650373618613e+00   1.067209522837048619e+00   3.623076423225507270e+00   3.033937065716344250e+00   3.036885016612674848e-01   1.036157640464770102e+00
6.495471923397296843e-01   1.114287304501544895e+00   1.088797373759129217e+00   3.729068031603365085e+00   3.121574156318058346e+00   2.988112029756779253e-01   1.047519989132433160e+00
6.514885044729804564e-01   1.125946853874779663e+00   1.106721519971245238e+00   3.822281453114723782e+00   3.198302216396017528e+00   2.945745538851570755e-01   1.058563372750054077e+00
6.534298166062312285e-01   1.136116808707924974e+00   1.122309086451102278e+00   3.907279032753046888e+00   3.268337660662230526e+00   2.907693049777976824e-01   1.069549230798671147e+00
6.553711287394820006e-01   1.145226988959620940e+00   1.136230842805843855e+00   3.986820295209744458e+00   3.333785491255963240e+00   2.872532254176686228e-01   1.080616102950014534e+00
6.573124408727327728e-01   1.153530388754461455e+00   1.148882146954527617e+00   4.062191845866899520e+00   3.395812195478327133e+00   2.839674817249528971e-01   1.091839137744510690e+00
6.592537530059835449e-01   1.161190839259461427e+00   1.160519391706478665e+00   4.134627376661152987e+00   3.455248565906068769e+00   2.808453419077298063e-01   1.103270975966135659e+00
6.611950651392343170e-01   1.168321624042505391e+00   1.171320137466731692e+00   4.204441788607224062e+00   3.512662348262618028e+00   2.778779402317583247e-01   1.114944940052682298e+00
6.467820869306192266e-01   9.858667314980492646e-01   8.898140317752784023e-01   2.923982257505114202e+00   2.452044861988780244e+00   3.371657707455583131e-01   9.909018978172436931e-01
6.462514530063561136e-01   9.910427558077117283e-01   8.978200268657856586e-01   2.950640695658601764e+00   2.474429718272105116e+00   3.358737501539491022e-01   9.917870309947548479e-01
6.457751239385391973e-01   9.962147489721928650e-01   9.058260230890573528e-01   2.977667167524988834e+00   2.497096270946471464e+00   3.345621565220930904e-01   9.927448223331732935e-01
6.453528182907419808e-01   1.001383144508849909e+00   9.138320204957522952e-01   3.005030797627659123e+00   2.520054527485890539e+00   3.332355679347440702e-01   9.937780830729371351e-01
6.449842916890282662e-01   1.006548373894474935e+00   9.218380190342720937e-01   3.032836190949156574e+00   2.543314911148059743e+00   3.318835276690184632e-01   9.948911306840341195e-01
6.446693370091013398e-01   1.011710867010719994e+00   9.298440188115293381e-01   3.060950933910280281e+00   2.566888290407924877e+00   3.305217525059401251e-01   9.960892082380514712e-01
6.444890441586883512e-01   1.015151220348911920e+00   9.351813526145206223e-01   3.079948204600059025e+00   2.582771047503961359e+00   3.296000948433912003e-01   9.969372977476483877e-01
6.443324440454142321e-01   1.018590674464348922e+00   9.405186869641544156e-01   3.099132190677895249e+00   2.598803600342815656e+00   3.286696442082212011e-01   9.978273766175794757e-01
6.441995033729844833e-01   1.022029355483596191e+00   9.458560218565915667e-01   3.118514399836608053e+00   2.615019907451590964e+00   3.277295610811175042e-01   9.987576934816744245e-01
6.440901964675387337e-01   1.025467389983873545e+00   9.511933573262365549e-01   3.138104658184641682e+00   2.631355737287793595e+00   3.267792192045930189e-01   9.997350683576393671e-01
6.440045054622034471e-01   1.028904903700890827e+00   9.565306932334024514e-01   3.157894000304418913e+00   2.647852435607553456e+00   3.258199621651977629e-01   1.000759366349582624e+00
6.439604926740254420e-01   1.031196352690585627e+00   9.600889176516184120e-01   3.171234417210972989e+00   2.658930484043659170e+00   3.251719100593953860e-01   1.001466915927224477e+00
6.439269702181966704e-01   1.033487663432083536e+00   9.636471421555897754e-01   3.184653150208676564e+00   2.670114057140282604e+00   3.245212632855680179e-01   1.002198245916850805e+00
6.439039386019700384e-01   1.035778873449316961e+00   9.672053668544130511e-01   3.198093555804657484e+00   2.681369852511214624e+00   3.238738502722474100e-01   1.002950042824971799e+00
6.438913999820663481e-01   1.038070020217446654e+00   9.707635919842707573e-01   3.211683751760993299e+00   2.692697897388705019e+00   3.232167611920893635e-01   1.003725797919654772e+00
6.438893582091737011e-01   1.040361140800996509e+00   9.743218172761713980e-01   3.225405833003762712e+00   2.704098869724984144e+00   3.225520119532142016e-01   1.004525422539336743e+00
6.438898671125015127e-01   1.040660526319811652e+00   9.747867778925426441e-01   3.227196047558178016e+00   2.705588979519782722e+00   3.224658530141717994e-01   1.004633789883896844e+00
6.438978187269993603e-01   1.042652272760506094e+00   9.778800428358807029e-01   3.239152835603510194e+00   2.715574092827360619e+00   3.218904218720639587e-01   1.005350265983044666e+00
6.439176977632438126e-01   1.045028737461848323e+00   9.815707134782447607e-01   3.253512678365080735e+00   2.727558110605079467e+00   3.212001429750028225e-01   1.006227726021856395e+00
6.439375767994882649e-01   1.046637495367804149e+00   9.840690496998615311e-01   3.263390270687036576e+00   2.735680604758652823e+00   3.207209094079505052e-01   1.006841728381648426e+00
6.439872743900995067e-01   1.049575596143085932e+00   9.886315634521033457e-01   3.281422105569200109e+00   2.750713244906094701e+00   3.198538811455422515e-01   1.007990850996848708e+00
6.441115183666276112e-01   1.054569863036249444e+00   9.963860405357123362e-01   3.312469948371135953e+00   2.776538699264586185e+00   3.183636016244676958e-01   1.010047031971936793e+00
