# freq   mass   ang   radius99   radius95   compactness   kappa
6.355641476962776704e-01   1.000003565726728993e+00   9.186450253691057499e-01   2.935077157341543952e+00   2.480300980504500874e+00   3.407077606888145871e-01   9.915189225129611428e-01
6.353067109946760604e-01   1.004042807319592612e+00   9.250016423776425967e-01   2.957179495836412819e+00   2.498670965896604645e+00   3.395271774111932039e-01   9.923258110278864175e-01
6.350872716025283138e-01   1.008080532729877632e+00   9.313582601248070469e-01   2.979548575866348692e+00   2.517300161483916998e+00   3.383333102521287050e-01   9.931895912194819154e-01
6.349058789053274587e-01   1.012116983616920152e+00   9.377148788171008054e-01   3.002306087412045965e+00   2.536135650829728583e+00   3.371131903773854077e-01   9.941037961207317419e-01
6.347626011879961005e-01   1.016152402352645368e+00   9.440714984759240869e-01   3.025304523826483294e+00   2.555191499533653765e+00   3.358843363865365861e-01   9.950862515383218643e-01
6.346883000718516188e-01   1.018842227698542047e+00   9.483092453652769427e-01   3.040833340495343151e+00   2.568060800351711137e+00   3.350536230086768041e-01   9.957738871999125552e-01
6.346310082220315563e-01   1.021531773878336935e+00   9.525469926126325371e-01   3.056497974198409295e+00   2.581046474073502850e+00   3.342164079615468353e-01   9.964908760326494086e-01
6.345907602230733691e-01   1.024221113425028307e+00   9.567847404495626318e-01   3.072301592633334799e+00   2.594143008779780768e+00   3.333725816114122553e-01   9.972399668978934040e-01
6.345675948205834471e-01   1.026910318323302818e+00   9.610224885836281539e-01   3.088247446380913974e+00   2.607352279696303121e+00   3.325220326909777424e-01   9.980223284843795506e-01
6.345615548083894941e-01   1.029599461023281037e+00   9.652602371824423599e-01   3.104337854002870323e+00   2.620676704340467289e+00   3.316647573316383601e-01   9.988330892002238448e-01
6.345647354541885665e-01   1.030886083268910625e+00   9.672877922667861839e-01   3.112131737369927098e+00   2.627082089076763438e+00   3.312475724887262718e-01   9.992329350519640885e-01
6.345726870686864141e-01   1.032288614422327555e+00   9.694979861637940122e-01   3.120577335004971253e+00   2.634118745298266173e+00   3.308005229810089265e-01   9.996794473260085523e-01
6.346223846592976559e-01   1.036362959634288927e+00   9.759183265033060106e-01   3.145589514321789348e+00   2.654750278924387086e+00   3.294654165509373067e-01   1.001028753338796706e+00
6.347466286358257603e-01   1.041667230055168147e+00   9.842756668362044881e-01   3.178609383771529906e+00   2.682032758584060872e+00   3.277116198591202845e-01   1.002912079556642855e+00
6.348708726123538648e-01   1.045302175770302711e+00   9.900016946293215270e-01   3.201669298200277236e+00   2.701037191409384697e+00   3.264866163278912214e-01   1.004291392085336687e+00
6.351814825536740150e-01   1.051960148589841992e+00   1.000486329237213479e+00   3.244680081983525977e+00   2.736487528930363844e+00   3.242107455927554782e-01   1.007015183544982539e+00
6.359580074069742794e-01   1.063270422064874765e+00   1.018282433474452242e+00   3.320390748501408584e+00   2.798809675158034693e+00   3.202244863935849728e-01   1.012282325181278031e+00
6.378993195402250516e-01   1.081628342663407238e+00   1.047108079931711178e+00   3.450940425509334109e+00   2.906102551815789248e+00   3.134300246587903849e-01   1.022850280117173494e+00
6.398406316734758237e-01   1.094885172583076383e+00   1.067859687155656934e+00   3.551914377525907884e+00   2.988881130731320113e+00   3.082521300374702622e-01   1.032351822067165470e+00
6.417819438067265958e-01   1.105755835273157572e+00   1.084824255894283995e+00   3.639327623991629235e+00   3.060468856321587605e+00   3.038351996626124096e-01   1.041557756139300350e+00
6.437232559399773679e-01   1.115157730870805608e+00   1.099452249885572108e+00   3.718859158890767347e+00   3.125418180081962038e+00   2.998655456485279647e-01   1.050719764546689472e+00
9.290961395278408697e-01   9.777875041554580093e-01   9.992316765762716546e-01   1.972289458829481035e+01   1.621360079690322564e+01   4.957626781292831519e-02   2.232309726134351635e+01
9.310374516610916418e-01   9.678374542633036981e-01   9.885336273587286282e-01   2.006497736406429411e+01   1.651296843753143406e+01   4.823516302573400277e-02   2.322799083395434394e+01
9.329787637943424139e-01   9.576049491914773171e-01   9.775548034341444703e-01   2.046372417667674171e+01   1.682124886850475320e+01   4.679524317880001671e-02   2.418845961369668984e+01
9.349200759275931860e-01   9.470790808892388668e-01   9.662846924721686381e-01   2.082518024230009956e+01   1.713587293542943257e+01   4.547759346473900788e-02   2.520950441138718645e+01
9.368613880608439581e-01   9.362481668488271680e-01   9.547120205257707548e-01   2.126860313905480027e+01   1.747994077477354935e+01   4.402020013856138003e-02   2.629674025593776321e+01
9.388027001940947303e-01   9.250996688575696680e-01   9.428246709967695871e-01   2.165345192298025268e+01   1.781379845203852241e+01   4.272296501029404503e-02   2.745649133512774043e+01
9.407440123273455024e-01   9.136200992292060619e-01   9.306095920488459683e-01   2.214955624716114002e+01   1.819698069679068908e+01   4.124778343341766601e-02   2.869592049090918096e+01
9.426853244605962745e-01   9.017949133092315606e-01   9.180526903719387066e-01   2.257998085700524982e+01   1.857600164536141563e+01   3.993780681304064106e-02   3.002314392817551436e+01
9.446266365938470466e-01   8.896083861502575019e-01   9.051387087443655277e-01   2.311939001023450757e+01   1.898143970954218673e+01   3.847888658638679710e-02   3.144743609046270549e+01
9.465679487270978187e-01   8.770434692223716411e-01   8.918510842504981939e-01   2.359871170763716108e+01   1.941404637804354039e+01   3.716488764674969608e-02   3.297940440366753023e+01
9.485092608603485909e-01   8.640816240526874026e-01   8.781717832855494565e-01   2.419559352842317423e+01   1.984373719903764055e+01   3.571235493924250493e-02   3.463126737663522903e+01
9.504505729935993630e-01   8.507026271255426764e-01   8.640811085122863666e-01   2.473596967996955343e+01   2.034074412331352022e+01   3.439131912481345477e-02   3.641715063068741642e+01
9.523918851268501351e-01   8.368843414727962227e-01   8.495574716599152421e-01   2.540099719274928702e+01   2.083337465760530804e+01   3.294690893913743146e-02   3.835348769159265458e+01
9.543331972601009072e-01   8.226024447686768326e-01   8.345771244858091187e-01   2.600570574031376481e+01   2.137114496943272712e+01   3.163161396129647585e-02   4.045950567356731398e+01
9.562745093933516793e-01   8.078301066055928459e-01   8.191138380582836387e-01   2.676409059546450564e+01   2.195180005388506217e+01   3.018335720110323223e-02   4.275784322281970873e+01
9.582158215266024515e-01   7.925376006672877338e-01   8.031385175820179301e-01   2.744909073681317224e+01   2.252670136320669769e+01   2.887300013928625203e-02   4.527535998984222232e+01
9.601571336598532236e-01   7.766918346845841370e-01   7.866187362475612899e-01   2.832426021564396379e+01   2.321279236150800784e+01   2.742143409117545755e-02   4.804413367369222243e+01
9.620984457931039957e-01   7.602557781015093497e-01   7.695181660767443921e-01   2.909107775403257179e+01   2.391373029741074063e+01   2.613364085475050960e-02   5.110282519189908612e+01
9.640397579263547678e-01   7.431877560317160514e-01   7.517958765574799251e-01   3.013338067068225001e+01   2.464542300417191356e+01   2.466327174351160001e-02   5.449844185420817411e+01
9.659810700596055399e-01   7.254405708093827343e-01   7.334054612648711613e-01   3.104376209110800033e+01   2.550376257996840934e+01   2.336832013724180271e-02   5.828872635845971928e+01
9.679223821928563121e-01   7.069603955851562205e-01   7.142939378192091349e-01   3.225597259824841245e+01   2.639272848171775365e+01   2.191719358118335292e-02   6.254539019138439215e+01
9.698636943261070842e-01   6.876853637085105220e-01   6.944003446493794973e-01   3.341460604694155734e+01   2.734216428395529519e+01   2.058038220598607318e-02   6.735863957555608295e+01
9.718050064593578563e-01   6.675437439545249818e-01   6.736539254421538558e-01   3.479322433107316925e+01   2.847322850396186311e+01   1.918602707247095418e-02   7.284351554771590997e+01
9.737463185926086284e-01   6.464515429563562066e-01   6.519717424147954965e-01   3.632962666138940477e+01   2.968235041322659740e+01   1.779405962471382677e-02   7.914908767041389126e+01
9.756876307258594005e-01   6.243092958754914434e-01   6.292554815138224900e-01   3.784252412813054178e+01   3.096792832319211897e+01   1.649755956451663327e-02   8.647205946182731395e+01
9.776289428591101727e-01   6.009976839355886113e-01   6.053870870003679183e-01   3.994168595979351721e+01   3.252807097871997399e+01   1.504687820490528856e-02   9.507739697858306727e+01
9.795702549923609448e-01   5.763714025916897299e-01   5.802226528497745894e-01   4.203698137039593519e+01   3.432262332068410160e+01   1.371105592747420138e-02   1.053308118382484651e+02
9.809569065161115597e-01   5.578782588306694379e-01   5.613573788344908833e-01   4.385256498182813800e+01   3.568182703868333050e+01   1.272167908677282640e-02   1.139430061151111175e+02
9.823435580398621747e-01   5.385436385722641717e-01   5.416615584342381329e-01   4.571211230461167929e+01   3.729110975043880671e+01   1.178120221143079925e-02   1.239155921103114224e+02
9.837302095636127897e-01   5.182719582122672364e-01   5.210403012871265283e-01   4.812344046035552481e+01   3.912763691252018816e+01   1.076963644441057341e-02   1.355965681582689513e+02
9.851168610873634046e-01   4.969470764992819922e-01   4.993782306487273837e-01   5.058854179287331476e+01   4.099801097464157351e+01   9.823312925957667155e-03   1.494638308726940750e+02
9.865035126111140196e-01   4.744254484345447054e-01   4.765326457213697742e-01   5.361934646687679162e+01   4.355203340089651221e+01   8.848027432181026705e-03   1.661921740726461678e+02
9.874939779852215382e-01   4.575074763280326806e-01   4.593918835456762273e-01   5.582355755782288043e+01   4.536171503679203454e+01   8.195598710349829424e-03   1.804211911114727513e+02
9.884844433593290569e-01   4.398060740836626792e-01   4.414752555514557808e-01   5.912839321821042660e+01   4.773035757542247381e+01   7.438153654211099655e-03   1.971085728034627778e+02
9.894749087334365756e-01   4.212219451700320860e-01   4.226837862325154571e-01   6.156063495802206376e+01   5.009226238189800995e+01   6.842391171846449148e-03   2.169538302235582989e+02
9.904653741075440943e-01   4.016321438838304503e-01   4.028947386534651454e-01   6.620653807098302934e+01   5.319387146674782230e+01   6.066351686493899262e-03   2.409543786842761222e+02
6.351814825536740150e-01   1.051960148574835330e+00   1.000486329240051875e+00   3.244680082012632027e+00   2.736487528948582604e+00   3.242107455852221709e-01   1.007015557658308635e+00
6.359580074069742794e-01   1.063270422064192644e+00   1.018282433474935633e+00   3.320390748506118150e+00   2.798809675160837784e+00   3.202244863929253338e-01   1.012282330314202117e+00
6.378993195402250516e-01   1.081628342667386278e+00   1.047108079931025504e+00   3.450940425501156650e+00   2.906102551810776813e+00   3.134300246606861462e-01   1.022850383512416528e+00
6.398406316734758237e-01   1.094885172504632465e+00   1.067859687155111592e+00   3.551914377528451183e+00   2.988881130731824598e+00   3.082521300151645494e-01   1.032351959530925622e+00
6.417819438067265958e-01   1.105755835342506543e+00   1.084824255895039835e+00   3.639327623994000227e+00   3.060468856324032316e+00   3.038351996814699363e-01   1.041560404448631294e+00
6.437232559399773679e-01   1.115157730848864048e+00   1.099452249885034094e+00   3.718859158882781291e+00   3.125418180077419894e+00   2.998655456432717803e-01   1.050719405867319933e+00
6.456645680732281400e-01   1.123534791963834323e+00   1.112446437248828301e+00   3.792866758406352012e+00   3.185801722019135251e+00   2.962231113111681302e-01   1.059958314105326371e+00
6.476058802064789122e-01   1.131142065159451704e+00   1.124211095203895727e+00   3.862821641321378952e+00   3.243032620954760414e+00   2.928279299927798451e-01   1.069336433670352804e+00
6.495471923397296843e-01   1.138142102906954278e+00   1.135004237283503192e+00   3.930062404753504879e+00   3.297731748626199444e+00   2.895989899626896791e-01   1.078901305120278709e+00
6.514885044729804564e-01   1.144646038478754235e+00   1.145002514104609181e+00   3.994711550558526003e+00   3.350490784297262881e+00   2.865403481557295406e-01   1.088682266760003570e+00
6.534298166062312285e-01   1.150733811800705553e+00   1.154333185086879210e+00   4.057584172931614219e+00   3.401664363639465893e+00   2.836007246571295992e-01   1.098704048387817656e+00
6.553711287394820006e-01   1.156465184209309882e+00   1.163091539315098455e+00   4.119003723301202236e+00   3.451600619751650889e+00   2.807633257690899664e-01   1.108984991777086426e+00
6.573124408727327728e-01   1.161886204707570869e+00   1.171351125835384588e+00   4.179108328129287564e+00   3.500511835371290292e+00   2.780225142495100221e-01   1.119540161256752375e+00
6.592537530059835449e-01   1.167033230835954782e+00   1.179170120191185056e+00   4.238105078365841827e+00   3.548549281374397069e+00   2.753667521820736819e-01   1.130382467316269679e+00
6.611950651392343170e-01   1.171935549607951543e+00   1.186595474545127482e+00   4.296313256690168281e+00   3.595784915867360265e+00   2.727770252280899976e-01   1.141527594972407966e+00
6.631363772724850891e-01   1.176617150876836604e+00   1.193665727714769309e+00   4.353909402385274241e+00   3.642474514125436880e+00   2.702438296562236775e-01   1.152982536993337748e+00
6.650776894057358612e-01   1.181097966021411594e+00   1.200412969151164022e+00   4.410762456262599329e+00   3.688683989502157257e+00   2.677763714852600119e-01   1.164760518712734116e+00
6.670190015389866334e-01   1.185394756970481467e+00   1.206864248973094966e+00   4.466853674830936427e+00   3.734438641179198992e+00   2.653757752687850857e-01   1.176868458951830787e+00
6.689603136722374055e-01   1.189521769310317723e+00   1.213042613965076733e+00   4.523009283338478959e+00   3.779815006126936439e+00   2.629934397199201745e-01   1.189320662279240048e+00
6.709016258054881776e-01   1.193491220997088931e+00   1.218967884171217708e+00   4.578374213115423252e+00   3.824867319609443150e+00   2.606801378485311682e-01   1.202123821550028504e+00
6.728429379387389497e-01   1.197313675712052827e+00   1.224657245376814307e+00   4.633788422538716922e+00   3.869677210514046894e+00   2.583876445217754836e-01   1.215286377018221620e+00
6.747842500719897219e-01   1.200998331846562905e+00   1.230125708209654833e+00   4.688556422428171722e+00   3.914397094594312065e+00   2.561552477221920587e-01   1.228822403929782148e+00
6.767255622052404940e-01   1.204553248745696692e+00   1.235386468842811780e+00   4.743630218992471725e+00   3.958923277721343670e+00   2.539306803306306537e-01   1.242736391777051974e+00
6.786668743384912661e-01   1.207985527713276497e+00   1.240451195941606022e+00   4.798134985118048590e+00   4.003246024439246042e+00   2.517614722095102286e-01   1.257040817058028503e+00
6.806081864717420382e-01   1.211301456772844176e+00   1.245330261496691016e+00   4.852748412913547860e+00   4.047475205724201608e+00   2.496114271140607854e-01   1.271745747288149930e+00
6.825494986049928103e-01   1.214506628128106058e+00   1.250032928415222955e+00   4.907389494525998153e+00   4.091799927705626061e+00   2.474852728691784021e-01   1.286857581439519338e+00
6.844908107382435825e-01   1.217606035495123251e+00   1.254567504379094478e+00   4.961728569052065829e+00   4.135901299667947839e+00   2.453995656049653418e-01   1.302391324251644722e+00
6.864321228714943546e-01   1.220604153108979517e+00   1.258941469114243095e+00   5.016008042857651006e+00   4.180176151839813059e+00   2.433417456032613835e-01   1.318350509976820906e+00
6.883734350047451267e-01   1.223505002741717362e+00   1.263161580475672174e+00   5.070755719163670072e+00   4.224356240877478186e+00   2.412865202947525323e-01   1.334754324795209168e+00
6.903147471379958988e-01   1.226312209243133111e+00   1.267233963507252481e+00   5.125389457478156885e+00   4.268654620990193216e+00   2.392622491260429918e-01   1.351605439045648893e+00
6.922560592712466709e-01   1.229029047639755845e+00   1.271164185716283201e+00   5.179969825919374493e+00   4.312926305398180560e+00   2.372656770103134527e-01   1.368917974360651657e+00
6.941973714044974431e-01   1.231658483450360109e+00   1.274957321063467486e+00   5.234552432926507848e+00   4.357418992200165597e+00   2.352939433184300932e-01   1.386703552541474593e+00
6.961386835377482152e-01   1.234203206513143414e+00   1.278618004689316301e+00   5.289199299133843013e+00   4.401745183607980394e+00   2.333440539318032414e-01   1.404971146251419167e+00
6.980799956709989873e-01   1.236665660729499905e+00   1.282150479950934230e+00   5.344229135767512240e+00   4.446569320665357594e+00   2.314020655388489278e-01   1.423735738345762725e+00
7.000213078042497594e-01   1.239048069045111333e+00   1.285558639057968300e+00   5.399528658300176254e+00   4.491288881892856466e+00   2.294733758178025274e-01   1.443005657421323473e+00
7.019626199375005315e-01   1.241352455725859727e+00   1.288846058334189637e+00   5.454949426420483860e+00   4.536119882407772863e+00   2.275644297843527897e-01   1.462794995396803133e+00
7.039039320707513037e-01   1.243580665491435866e+00   1.292016028955124796e+00   5.510538793369177846e+00   4.581348631945450833e+00   2.256731532291968156e-01   1.483114631533952732e+00
7.058452442040020758e-01   1.245734380004137165e+00   1.295071583834910056e+00   5.566314157490382719e+00   4.626581490234936034e+00   2.237987912212605901e-01   1.503978716044944486e+00
7.077865563372528479e-01   1.247815133155313561e+00   1.298015521255308613e+00   5.622309413386684440e+00   4.671857952568249317e+00   2.219399612166974289e-01   1.525402154936485344e+00
7.097278684705036200e-01   1.249824323090365397e+00   1.300850425688623524e+00   5.678537568223612553e+00   4.717673695622919716e+00   2.200961617449229135e-01   1.547394542723850241e+00
7.116691806037543921e-01   1.251763224488854576e+00   1.303578686213101800e+00   5.735022492816422179e+00   4.763634708663234463e+00   2.182664891126039897e-01   1.569974641618287370e+00
7.136104927370051643e-01   1.253632998264833986e+00   1.306202512859912401e+00   5.791769567600248081e+00   4.809719457099397744e+00   2.164507727099132806e-01   1.593152335086718052e+00
7.155518048702559364e-01   1.255434700507748857e+00   1.308723951146197662e+00   5.848796013610605193e+00   4.855957848221915896e+00   2.146483990185765189e-01   1.616942162049040510e+00
7.174931170035067085e-01   1.257169290830802311e+00   1.311144895062311688e+00   5.906095198705834548e+00   4.902504500576400304e+00   2.128596388196177247e-01   1.641364047479906496e+00
7.194344291367574806e-01   1.258837639225589555e+00   1.313467098674448330e+00   5.963681227392394923e+00   4.949528965823147608e+00   2.110839917874036409e-01   1.666428378093515850e+00
7.213757412700082527e-01   1.260440532738925867e+00   1.315692186541759012e+00   6.021529640619590396e+00   4.996769656489804312e+00   2.093223164154734139e-01   1.692153067982770986e+00
7.233170534032590249e-01   1.261978680964716659e+00   1.317821663079714156e+00   6.079655346350871348e+00   5.044248794118404433e+00   2.075740496905274513e-01   1.718555637299246319e+00
7.252583655365097970e-01   1.263452721371095322e+00   1.319856920991893334e+00   6.138447916467775656e+00   5.091990331010617155e+00   2.058260880542127635e-01   1.745651380005526887e+00
7.271996776697605691e-01   1.264863224009559417e+00   1.321799248888072542e+00   6.197809660119518504e+00   5.140017108558718739e+00   2.040822957420682926e-01   1.773460278139457946e+00
7.291409898030113412e-01   1.266210695634754302e+00   1.323649838176395477e+00   6.257496922246769344e+00   5.188347713410054851e+00   2.023509897596750817e-01   1.801997494943532452e+00
7.310823019362621134e-01   1.267495583344611987e+00   1.325409789297948393e+00   6.317507327349139779e+00   5.237005345980151994e+00   2.006322300343828802e-01   1.831281740037367101e+00
7.330236140695128855e-01   1.268718278572009694e+00   1.327080117406696402e+00   6.377800095882025566e+00   5.286004041865310477e+00   1.989272569692466519e-01   1.861333874272996569e+00
7.349649262027636576e-01   1.269879119525171518e+00   1.328661757508028840e+00   6.438335071896159612e+00   5.335367003942369735e+00   1.972371902587509163e-01   1.892172048824912300e+00
7.369062383360144297e-01   1.270978394410462897e+00   1.330155569159539031e+00   6.499081824791126394e+00   5.385169591168805781e+00   1.955627623524051895e-01   1.923816058318445821e+00
7.388475504692652018e-01   1.272016344026951629e+00   1.331562340743873252e+00   6.560702144371866495e+00   5.435380891405053205e+00   1.938841782534141689e-01   1.956289405576179696e+00
7.407888626025159740e-01   1.272993163869841737e+00   1.332882793370125940e+00   6.623251875881867257e+00   5.485961097447120238e+00   1.922006270825003527e-01   1.989612736082222000e+00
8.165000357992960867e-01   1.261680912598535542e+00   1.319387560171121132e+00   9.576292310720308620e+00   7.902159054408858019e+00   1.317504595370517229e-01   4.287728300109899138e+00
8.184413479325468588e-01   1.259997547299576581e+00   1.317328437173266975e+00   9.673099558312095780e+00   7.979945502122180123e+00   1.302578909380562033e-01   4.384871187036990747e+00
8.203826600657976309e-01   1.258234303614017335e+00   1.315176710621044576e+00   9.765775352821002286e+00   8.057728418555759831e+00   1.288412090342172245e-01   4.484847629448714734e+00
8.223239721990484030e-01   1.256390133209151827e+00   1.312931541850720141e+00   9.866987484712232970e+00   8.138809850295935178e+00   1.273326975589848808e-01   4.587755761966365142e+00
8.242652843322991751e-01   1.254463954608468157e+00   1.310592058016575745e+00   9.963856487674933149e+00   8.220309559236881114e+00   1.259014475128392152e-01   4.693701959782246469e+00
8.262065964655499473e-01   1.252454652513620204e+00   1.308157351369659827e+00   1.006608807033833664e+01   8.301724749111498269e+00   1.244231764874200313e-01   4.802792599922739214e+00
8.281479085988007194e-01   1.250361076940976091e+00   1.305626478496270337e+00   1.016722714709251818e+01   8.385891169576673576e+00   1.229795556695649217e-01   4.915142048379796513e+00
8.300892207320514915e-01   1.248182041836003009e+00   1.302998459473033943e+00   1.027088886539510959e+01   8.471312204338765639e+00   1.215261948789460311e-01   5.030866282340982210e+00
8.320305328653022636e-01   1.245916324810991682e+00   1.300272276967800122e+00   1.037648196396182598e+01   8.556531848936197449e+00   1.200711695098721637e-01   5.150093266432028472e+00
8.339718449985530357e-01   1.243562665038325576e+00   1.297446875276067502e+00   1.048167032566388812e+01   8.644409063299962170e+00   1.186416502714762455e-01   5.272949347611375792e+00
8.359131571318038079e-01   1.241119763112010332e+00   1.294521159275634048e+00   1.059188284282347681e+01   8.733953647105893836e+00   1.171765003002209621e-01   5.399570201359122024e+00
8.378544692650545800e-01   1.238586279155583725e+00   1.291493993312849309e+00   1.069910345283436293e+01   8.823132461720060604e+00   1.157654269458869983e-01   5.530098787792902648e+00
8.397957813983053521e-01   1.235960831486636380e+00   1.288364200011348659e+00   1.081401057381431308e+01   8.915440912377455618e+00   1.142925488236034570e-01   5.664687279822090638e+00
8.417370935315561242e-01   1.233241995747448527e+00   1.285130558993121674e+00   1.092338074698446526e+01   9.009297534230727322e+00   1.128992959517501338e-01   5.803489353620602920e+00
8.436784056648068963e-01   1.230428302763925785e+00   1.281791805517032978e+00   1.104327774730154843e+01   9.102560579555431630e+00   1.114187590785338938e-01   5.946670160749304657e+00
8.456197177980576685e-01   1.227518237639515064e+00   1.278346629023851655e+00   1.115536888710554919e+01   9.200142250183924730e+00   1.100383367024643094e-01   6.094406531067208199e+00
8.475610299313084406e-01   1.224510237345043606e+00   1.274793671579713239e+00   1.128022794970344833e+01   9.298473691469121505e+00   1.085536784189928827e-01   6.246873610926791720e+00
8.495023420645592127e-01   1.221402689679962350e+00   1.271131526225598884e+00   1.139628526927467966e+01   9.396081095320207410e+00   1.071755103369484985e-01   6.404267547483163625e+00
8.514436541978099848e-01   1.218193930863208152e+00   1.267358735203672593e+00   1.152542336646305898e+01   9.499751577056272822e+00   1.056962414420225815e-01   6.566788562759769299e+00
8.533849663310607569e-01   1.214882243815850416e+00   1.263473788079732429e+00   1.164610009486553288e+01   9.602677025429212421e+00   1.043166582735675502e-01   6.734648989192574930e+00
8.553262784643115291e-01   1.211465855910887512e+00   1.259475119729076109e+00   1.177940337283829386e+01   9.706860739026325291e+00   1.028461134716180531e-01   6.908070733110247552e+00
8.572675905975623012e-01   1.207942936686208668e+00   1.255361108202464715e+00   1.190447793340293003e+01   9.815591742913939655e+00   1.014696270969452502e-01   7.087291922498216934e+00
8.592089027308130733e-01   1.204311595519925504e+00   1.251130072431350104e+00   1.204287478692531543e+01   9.923160261477821820e+00   1.000020025805981316e-01   7.272561308954548664e+00
8.611502148640638454e-01   1.200569879058434708e+00   1.246780269803255736e+00   1.217266951832410449e+01   1.003517680029949410e+01   9.862831462327628640e-02   7.464140436771124598e+00
8.630915269973146176e-01   1.196715768621288589e+00   1.242309893550848310e+00   1.231641805559386427e+01   1.014906558827946448e+01   9.716426993786272948e-02   7.662308231312108475e+00
8.650328391305653897e-01   1.192747176905072592e+00   1.237717069984262341e+00   1.245063114971415175e+01   1.026201887516397271e+01   9.579812963397091319e-02   7.867356403020454358e+00
8.669741512638161618e-01   1.188661945505259609e+00   1.232999855524332666e+00   1.260087211752897574e+01   1.038260536485879904e+01   9.433172040939302727e-02   8.079597992630604963e+00
8.689154633970669339e-01   1.184457841025619018e+00   1.228156233533323816e+00   1.273984141543239268e+01   1.050164213264878477e+01   9.297273038193609729e-02   8.299365701015421593e+00
8.708567755303177060e-01   1.180132551926476481e+00   1.223184110933359436e+00   1.289692380026640706e+01   1.062443895684654294e+01   9.150496430025421846e-02   8.527003177848511584e+00
8.727980876635684782e-01   1.175683684655609795e+00   1.218081314575826024e+00   1.304020888770800468e+01   1.075082032547810762e+01   9.015834752185877821e-02   8.762884395404530125e+00
8.747393997968192503e-01   1.171108759548246780e+00   1.212845587372235689e+00   1.320551795375375370e+01   1.087524530551551649e+01   8.868328858054004560e-02   9.007403802330729903e+00
8.766807119300700224e-01   1.166405207044590497e+00   1.207474584130291628e+00   1.335607007790505563e+01   1.100949575348999687e+01   8.733146803221514265e-02   9.260980118271733730e+00
8.786220240633207945e-01   1.161570362119164201e+00   1.201965867105814878e+00   1.352754560936823580e+01   1.114157003637398446e+01   8.586704459637832521e-02   9.524057804584305842e+00
8.805633361965715666e-01   1.156601460393289926e+00   1.196316901210836114e+00   1.368581337285498378e+01   1.127848207476852949e+01   8.451097708867941205e-02   9.797112857531645957e+00
8.825046483298223388e-01   1.151495632150044912e+00   1.190525048889924609e+00   1.386400738306950942e+01   1.141921795304521758e+01   8.305647857316000859e-02   1.008065251119711014e+01
8.844459604630731109e-01   1.146249896979725236e+00   1.184587564585776187e+00   1.403153295688477620e+01   1.155871957844874842e+01   8.169099559555258183e-02   1.037521559270189897e+01
8.863872725963238830e-01   1.140861157483982424e+00   1.178501588806483147e+00   1.421614947893184500e+01   1.170876441194761952e+01   8.025106651943442193e-02   1.068138077259323637e+01
8.883285847295746551e-01   1.135326193013611373e+00   1.172264141710339658e+00   1.439353814273080090e+01   1.185571585576798448e+01   7.887749222987175401e-02   1.099976398508272446e+01
8.902698968628254272e-01   1.129641652244231409e+00   1.165872116208500842e+00   1.458493718840662012e+01   1.201130229997328769e+01   7.745262373444906923e-02   1.133102854786094937e+01
8.922112089960761994e-01   1.123804045838255661e+00   1.159322270502008756e+00   1.477421172617412282e+01   1.216860590258933605e+01   7.606524575841258629e-02   1.167588485868765247e+01
8.941525211293269715e-01   1.117809737920993030e+00   1.152611220014642113e+00   1.497221081943580678e+01   1.232799115325033590e+01   7.465896328883746269e-02   1.203509253414994795e+01
8.960938332625777436e-01   1.111654937309708657e+00   1.145735428662949085e+00   1.517419328110751309e+01   1.249657448853247566e+01   7.325957411480742143e-02   1.240947070215179160e+01
8.980351453958285157e-01   1.105335687853880700e+00   1.138691199394364695e+00   1.537874015591894050e+01   1.266061741769156157e+01   7.187426776493530123e-02   1.279990042734711864e+01
8.999764575290792878e-01   1.098847857968280550e+00   1.131474663903716094e+00   1.559614788667738239e+01   1.284107320360015336e+01   7.045636306814861971e-02   1.320732964860006575e+01
9.019177696623300600e-01   1.092187128928458151e+00   1.124081771468889324e+00   1.580734650353801563e+01   1.301773579328195929e+01   6.909364128153980267e-02   1.363278494419224529e+01
9.038590817955808321e-01   1.085348983094149844e+00   1.116508276781015052e+00   1.604130251525265294e+01   1.320377259963016137e+01   6.765965432433934668e-02   1.407737253535757560e+01
9.058003939288316042e-01   1.078328689867362300e+00   1.108749726677135783e+00   1.625832865808600403e+01   1.339432422974531711e+01   6.632469502522084226e-02   1.454229340919806290e+01
9.077417060620823763e-01   1.071121291026656763e+00   1.100801445648221133e+00   1.651257209061118658e+01   1.358645467571869325e+01   6.486701678872192067e-02   1.502884504951856925e+01
9.096830181953331484e-01   1.063721584656832420e+00   1.092658519972188769e+00   1.674001880859091074e+01   1.379240090627969906e+01   6.354363139131807836e-02   1.553844007883787626e+01
9.116243303285839206e-01   1.056124107536106749e+00   1.084315780330639578e+00   1.701220085500303725e+01   1.399201311725908603e+01   6.208039256869673367e-02   1.607261620084599940e+01
9.135656424618346927e-01   1.048323115713174047e+00   1.075767782693513253e+00   1.725833901677440707e+01   1.421425836411447285e+01   6.074299008115707776e-02   1.663304647676622849e+01
9.155069545950854648e-01   1.040312562786652961e+00   1.067008787295345540e+00   1.754328113770315767e+01   1.443151370557448310e+01   5.929977149775388090e-02   1.722155796661235883e+01
9.174482667283362369e-01   1.032086076848599987e+00   1.058032735449591089e+00   1.781225590180386575e+01   1.466260453457562107e+01   5.794246851933446130e-02   1.784015299445992753e+01
9.193895788615870091e-01   1.023636934294472667e+00   1.048833223891165289e+00   1.810980471969681815e+01   1.489966255707142828e+01   5.652390791277454168e-02   1.849102207506167161e+01
9.213308909948377812e-01   1.014958030752268314e+00   1.039403476386568714e+00   1.840347591305190278e+01   1.514038691845308904e+01   5.515034418212547140e-02   1.917658030446935769e+01
9.232722031280885533e-01   1.006041849424150314e+00   1.029736312167351731e+00   1.871491979224160218e+01   1.539987283938116924e+01   5.375614005255912459e-02   1.989947268413531489e+01
9.252135152613393254e-01   9.968804252257540410e-01   1.019824110804715245e+00   1.903915185587798931e+01   1.565122148747473574e+01   5.235949756438260799e-02   2.066263917084292956e+01
9.271548273945900975e-01   9.874653052837629730e-01   1.009658772980849717e+00   1.936562488547386351e+01   1.593606305503406162e+01   5.099062442464533107e-02   2.146931448640935614e+01
9.290961395278408697e-01   9.777875041826290525e-01   9.992316765763643582e-01   1.972289458830785236e+01   1.621360079691454104e+01   4.957626781427317691e-02   2.232309665822348776e+01
9.310374516610916418e-01   9.678374542370419276e-01   9.885336273589140355e-01   2.006497736405172816e+01   1.651296843752177779e+01   4.823516302445537973e-02   2.322799044341679675e+01
9.329787637943424139e-01   9.576049492771971927e-01   9.775548034328218616e-01   2.046372417676434807e+01   1.682124886857848622e+01   4.679524318278855538e-02   2.418845987694729160e+01
9.349200759275931860e-01   9.470790808021546381e-01   9.662846924721700814e-01   2.082518024172954441e+01   1.713587293499361763e+01   4.547759346180330065e-02   2.520950375337310234e+01
7.116691806037543921e-01   1.251763224565820565e+00   1.303578686213430426e+00   5.735022492823644846e+00   4.763634708668068818e+00   2.182664891257494466e-01   1.569974339241455796e+00
7.136104927370051643e-01   1.253632998244484043e+00   1.306202512859316656e+00   5.791769567592398360e+00   4.809719457093819983e+00   2.164507727066930509e-01   1.593151985271705096e+00
7.155518048702559364e-01   1.255434700523096581e+00   1.308723951146074871e+00   5.848796013612342470e+00   4.855957848223105167e+00   2.146483990211368320e-01   1.616943714181092728e+00
7.174931170035067085e-01   1.257169290822503172e+00   1.311144895062461124e+00   5.906095198706919902e+00   4.902504500577363977e+00   2.128596388181734356e-01   1.641362205723793544e+00
7.194344291367574806e-01   1.258837639227863292e+00   1.313467098674688582e+00   5.963681227395848161e+00   4.949528965825576776e+00   2.110839917876626837e-01   1.666428569297998319e+00
7.213757412700082527e-01   1.260440532745064957e+00   1.315692186542216424e+00   6.021529640625527868e+00   4.996769656494307377e+00   2.093223164162865413e-01   1.692154044015513614e+00
7.233170534032590249e-01   1.261978680939250808e+00   1.317821663079608019e+00   6.079655346348095790e+00   5.044248794116653833e+00   2.075740496864335038e-01   1.718556006449797113e+00
7.252583655365097970e-01   1.263452721365410980e+00   1.319856920991827831e+00   6.138447916472349775e+00   5.091990331013857229e+00   2.058260880531333770e-01   1.745651966270253652e+00
7.271996776697605691e-01   1.264863223995575936e+00   1.321799248887957967e+00   6.197809660111736285e+00   5.140017108553664116e+00   2.040822957400683646e-01   1.773459926696981492e+00
7.291409898030113412e-01   1.266210695595077595e+00   1.323649838176191862e+00   6.257496922239874415e+00   5.188347713404805717e+00   2.023509897535573643e-01   1.801997075309750063e+00
7.310823019362621134e-01   1.267495583324830477e+00   1.325409789298786167e+00   6.317507327350411650e+00   5.237005345981716964e+00   2.006322300312112783e-01   1.831281877242621814e+00
7.330236140695128855e-01   1.268718278537448896e+00   1.327080117406631121e+00   6.377800095892599330e+00   5.286004041872210735e+00   1.989272569634979448e-01   1.861332982358991028e+00
7.349649262027636576e-01   1.269879119492770769e+00   1.328661757507801466e+00   6.438335071898360518e+00   5.335367003944057274e+00   1.972371902536509958e-01   1.892171200608373738e+00
7.369062383360144297e-01   1.270978394444455262e+00   1.330155569159795270e+00   6.499081824783639050e+00   5.385169591163994518e+00   1.955627623578608254e-01   1.923816705879491051e+00
7.388475504692652018e-01   1.272016343980453712e+00   1.331562340743773554e+00   6.560702144372008604e+00   5.435380891404822279e+00   1.938841782463226471e-01   1.956290141533911564e+00
7.407888626025159740e-01   1.272993163913383796e+00   1.332882793370458119e+00   6.623251875887950391e+00   5.485961097450964274e+00   1.922006270888979573e-01   1.989612745094395896e+00
7.427301747357667461e-01   1.273909006488793239e+00   1.334117584446025795e+00   6.686021298132708068e+00   5.536928829182330425e+00   1.905331960047112472e-01   2.023807543560751210e+00
7.446714868690175182e-01   1.274763983158777370e+00   1.335267310932215734e+00   6.748953745653491154e+00   5.588286716752464578e+00   1.888832004486265814e-01   2.058894822443665618e+00
7.466127990022682903e-01   1.275558165935763100e+00   1.336332512331501743e+00   6.811976519366822913e+00   5.640051000376871571e+00   1.872522846062785462e-01   2.094899079164880717e+00
7.485541111355190624e-01   1.276291589049492359e+00   1.337313673424584737e+00   6.876110677414886574e+00   5.692274458677839988e+00   1.856124266937078382e-01   2.131849316148041851e+00
7.504954232687698346e-01   1.276964250386185995e+00   1.338211226771774731e+00   6.941301749613558947e+00   5.745037835702197171e+00   1.839661055589865424e-01   2.169764802583033614e+00
7.524367354020206067e-01   1.277576113016607451e+00   1.339025555011169155e+00   7.006552975400873962e+00   5.798269074910996856e+00   1.823401774741469361e-01   2.208676153120887609e+00
7.543780475352713788e-01   1.278127105809062414e+00   1.339756992963823112e+00   7.071748564421204364e+00   5.851981614209022631e+00   1.807370686564663265e-01   2.248605325548502787e+00
7.563193596685221509e-01   1.278617125360710594e+00   1.340405829567986817e+00   7.137847830033964946e+00   5.906172968649097577e+00   1.791320235184429011e-01   2.289585303468040234e+00
7.582606718017729230e-01   1.279046036289855692e+00   1.340972309641558446e+00   7.205481216514152187e+00   5.960851246464393682e+00   1.775101478799814558e-01   2.331639923084760202e+00
7.602019839350236952e-01   1.279413672506734656e+00   1.341456635510824835e+00   7.273024296598881833e+00   6.016012332944872476e+00   1.759121955779844038e-01   2.374803740819342313e+00
7.621432960682744673e-01   1.279719837704760721e+00   1.341858968489120008e+00   7.340311433785738693e+00   6.071657076817404963e+00   1.743413544845671403e-01   2.419102420876312554e+00
7.640846082015252394e-01   1.279964306590841261e+00   1.342179430239149873e+00   7.409530801469580652e+00   6.127779960757878008e+00   1.727456624293912946e-01   2.464572122758259987e+00
7.660259203347760115e-01   1.280146824741336786e+00   1.342418104010939972e+00   7.479519672082326487e+00   6.184372056034438181e+00   1.711536142514000491e-01   2.511241464441924531e+00
7.679672324680267836e-01   1.280267109930605551e+00   1.342575035773616809e+00   7.549125865929189771e+00   6.241426681789694619e+00   1.695914378257651345e-01   2.559147308560286938e+00
7.699085446012775558e-01   1.280324852395097190e+00   1.342650235245273160e+00   7.619419064803701680e+00   6.299046103595635770e+00   1.680344448186722739e-01   2.608324264610589971e+00
7.718498567345283279e-01   1.280319714918846330e+00   1.342643676829016419e+00   7.691916181456027957e+00   6.357772471417419524e+00   1.664500346487772509e-01   2.658808477409315252e+00
7.737911688677791000e-01   1.280251333711930783e+00   1.342555300453909917e+00   7.763861744731328507e+00   6.417012625294587380e+00   1.648987805045251387e-01   2.710635835646544312e+00
7.757324810010298721e-01   1.280119318389097316e+00   1.342385012340199468e+00   7.835815505201392916e+00   6.476756349150218028e+00   1.633677206334628040e-01   2.763847472648262471e+00
7.776737931342806442e-01   1.279923252436788284e+00   1.342132685681262538e+00   7.910837102137346477e+00   6.536978880379111345e+00   1.617936554515803649e-01   2.818480561370917403e+00
7.796151052675314164e-01   1.279662693407317420e+00   1.341798161248540566e+00   7.985083193168841298e+00   6.597652069308857392e+00   1.602566513648919777e-01   2.874583063325452770e+00
7.815564174007821885e-01   1.279337173015846929e+00   1.341381247932785570e+00   8.059339106156764743e+00   6.658779652565623763e+00   1.587397125452289226e-01   2.932194082764044030e+00
7.834977295340329606e-01   1.278946197049776856e+00   1.340881723209928378e+00   8.136839257024096383e+00   6.721504407182628427e+00   1.571797299480546251e-01   2.991356024607032982e+00
7.854390416672837327e-01   1.278489245928767559e+00   1.340299333548149008e+00   8.213267160399400524e+00   6.784735253637616204e+00   1.556614707595358749e-01   3.052118442135739240e+00
7.873803538005345048e-01   1.277965774609128857e+00   1.339633794751943885e+00   8.290547246134389425e+00   6.848427627507891913e+00   1.541473363178772482e-01   3.114530884408602596e+00
7.893216659337852770e-01   1.277375212048241337e+00   1.338884792246422872e+00   8.370394313937833175e+00   6.912536374446454523e+00   1.526063365881389355e-01   3.178640199039593384e+00
7.912629780670360491e-01   1.276716961920897120e+00   1.338051981301733306e+00   8.448775219955242832e+00   6.977163072882343720e+00   1.511126676568938787e-01   3.244501048754320216e+00
7.932042902002868212e-01   1.275990401770627614e+00   1.337134987210919723e+00   8.529913665787063337e+00   7.043663021117611223e+00   1.495900722757070034e-01   3.312166150346955273e+00
7.951456023335375933e-01   1.275194883618723907e+00   1.336133405401331631e+00   8.611856011524810839e+00   7.110621556590420944e+00   1.480743386689460650e-01   3.381691376218036726e+00
7.970869144667883655e-01   1.274329733118634067e+00   1.335046801506737602e+00   8.692183545856714488e+00   7.177969302890324421e+00   1.466063994617401167e-01   3.453134967146307854e+00
7.990282266000391376e-01   1.273394249886791840e+00   1.333874711377105005e+00   8.777791286952712824e+00   7.245627383610765193e+00   1.450700077341280370e-01   3.526560990296707665e+00
8.009695387332899097e-01   1.272387706648032690e+00   1.332616641042504657e+00   8.861407471845271999e+00   7.315238343660097620e+00   1.435875407705492490e-01   3.602026832063871531e+00
8.029108508665406818e-01   1.271309349521516197e+00   1.331272066628307771e+00   8.946905052148368398e+00   7.385672040373755465e+00   1.420948743852203933e-01   3.679600389279880090e+00
8.048521629997914539e-01   1.270158397472869183e+00   1.329840434219046408e+00   9.034353183696735456e+00   7.456432969560821356e+00   1.405920680370321141e-01   3.759350373751017660e+00
8.067934751330422261e-01   1.268934041615693786e+00   1.328321159672194218e+00   9.119451433782757022e+00   7.527417206235539560e+00   1.391458741602551452e-01   3.841346958749832119e+00
8.087347872662929982e-01   1.267635445259884364e+00   1.326713628381765542e+00   9.210903771352709768e+00   7.600918954907030844e+00   1.376233512722628283e-01   3.925663899064056217e+00
8.106760993995437703e-01   1.266261743221093639e+00   1.325017194997447412e+00   9.299501130174407493e+00   7.674996086654345184e+00   1.361644808141816432e-01   4.012378368096590542e+00
8.126174115327945424e-01   1.264812041335630965e+00   1.323231183084458085e+00   9.391407197430927667e+00   7.749278128716626135e+00   1.346775850249180284e-01   4.101571695420623165e+00
8.145587236660453145e-01   1.263285415785503574e+00   1.321354884742810487e+00   9.484042061929438105e+00   7.824544962080507204e+00   1.332011612281377988e-01   4.193326556524787030e+00
8.165000357992960867e-01   1.261680912587280545e+00   1.319387560171317864e+00   9.576292310724724643e+00   7.902159054412685180e+00   1.317504595358156561e-01   4.287728863663612167e+00
8.184413479325468588e-01   1.259997547252851291e+00   1.317328437173249212e+00   9.673099558300611633e+00   7.979945502113066524e+00   1.302578909333804158e-01   4.384871887671343060e+00
8.203826600657976309e-01   1.258234303636868390e+00   1.315176710620621359e+00   9.765775352816085331e+00   8.057728418551141303e+00   1.288412090366220231e-01   4.484846791617701278e+00
8.223239721990484030e-01   1.256390133145146137e+00   1.312931541850490547e+00   9.866987484705417089e+00   8.138809850290904535e+00   1.273326975525859994e-01   4.587755606610538273e+00
8.242652843322991751e-01   1.254463954551965799e+00   1.310592058015894734e+00   9.963856487689126240e+00   8.220309559246118170e+00   1.259014475069891448e-01   4.693700904080810865e+00
8.262065964655499473e-01   1.252454652546475700e+00   1.308157351368824051e+00   1.006608807033748754e+01   8.301724749110098500e+00   1.244231764906945092e-01   4.802793149365069070e+00
8.281479085988007194e-01   1.250361076910508018e+00   1.305626478496888954e+00   1.016722714709267095e+01   8.385891169577188720e+00   1.229795556665663758e-01   4.915140925594745802e+00
8.300892207320514915e-01   1.248182041863742597e+00   1.302998459472762827e+00   1.027088886539973878e+01   8.471312204342302365e+00   1.215261948815920534e-01   5.030866627287815085e+00
8.320305328653022636e-01   1.245916324786435325e+00   1.300272276967583407e+00   1.037648196397181799e+01   8.556531848944022300e+00   1.200711695073900104e-01   5.150092960033032519e+00
8.339718449985530357e-01   1.243562665115632626e+00   1.297446875276847544e+00   1.048167032566379220e+01   8.644409063301035090e+00   1.186416502788527894e-01   5.272948273564030508e+00
8.359131571318038079e-01   1.241119763157598754e+00   1.294521159275411337e+00   1.059188284282959636e+01   8.733953647111230012e+00   1.171765003044573511e-01   5.399569038237703289e+00
8.378544692650545800e-01   1.238586279181959071e+00   1.291493993313230337e+00   1.069910345282073827e+01   8.823132461708096841e+00   1.157654269484996029e-01   5.530100198577684978e+00
