# freq   mass   ang   radius99   radius95   compactness   kappa
7.847471251467339481e-01   6.846440309217314280e-01   4.558488335879683495e-01   1.838056657458745580e+00   1.477373215747187718e+00   3.724825500582252813e-01   9.915986034323274190e-01
7.605552798250971858e-01   7.136471245904658645e-01   4.934004977282626103e-01   1.905246885433537596e+00   1.552637575437906481e+00   3.745693694851919275e-01   9.895717421164175187e-01
7.398018664284413681e-01   7.418082735656525983e-01   5.309521747391808821e-01   1.981193319740108816e+00   1.628563264799256505e+00   3.744249822440156028e-01   9.879553261499300909e-01
7.219448440524554034e-01   7.692459175933663573e-01   5.685038648442803932e-01   2.062606616624557354e+00   1.705373150083416389e+00   3.729484388313620835e-01   9.865985992501830060e-01
7.065752433701139035e-01   7.960608022382302806e-01   6.060555685507706958e-01   2.148181464108022354e+00   1.783379183671244261e+00   3.705742813346424303e-01   9.854488617669066031e-01
6.933769477410275384e-01   8.223401552116911262e-01   6.436072870690145997e-01   2.237398219456795179e+00   1.862937971454438513e+00   3.675430453374287088e-01   9.845479467564119958e-01
6.856596102885685884e-01   8.396004433226380570e-01   6.686417747007508128e-01   2.298895261549002811e+00   1.917030729482957607e+00   3.652190934339969997e-01   9.841038747193683323e-01
6.787357720072705325e-01   8.566775740292769115e-01   6.936762696979423826e-01   2.362040892539412074e+00   1.972098942698096158e+00   3.626853272249107585e-01   9.838101423001494039e-01
6.725537418702637327e-01   8.735907490104182216e-01   7.187107723779536661e-01   2.426888164099956668e+00   2.028302168798763461e+00   3.599633316166428454e-01   9.836895780283808621e-01
6.670691345699335528e-01   8.903579695573853314e-01   7.437452831789878038e-01   2.493619687694438092e+00   2.085751181941104093e+00   3.570544353459915166e-01   9.837783430700955956e-01
6.622438837790227684e-01   9.069962067687811214e-01   7.687798022867969872e-01   2.562349665032124690e+00   2.144621330387051383e+00   3.539705057222976570e-01   9.841195114163967528e-01
6.593770846296620469e-01   9.180246846602813093e-01   7.854694865430750239e-01   2.609336943213364179e+00   2.184740654633313017e+00   3.518229744333999376e-01   9.845082624822411033e-01
6.567803652584334184e-01   9.290075790794389832e-01   8.021591749162028107e-01   2.657326004999040148e+00   2.225601812404622404e+00   3.496024113457523175e-01   9.850401589284525361e-01
6.544462186976574003e-01   9.399493335473607658e-01   8.188488672644903543e-01   2.706400327908378145e+00   2.267261206049537847e+00   3.473060965351691953e-01   9.857383563016303141e-01
6.523679813358362889e-01   9.508542738861933685e-01   8.355385639709186352e-01   2.756658697041479922e+00   2.309816339178225597e+00   3.449299961967274841e-01   9.866219502475688241e-01
8.825046483298223388e-01   1.172472561095673882e+00   1.212963840943551475e+00   1.403420811955285430e+01   1.157239594073159061e+01   8.354390579844345188e-02   1.023650537635237612e+01
8.844459604630731109e-01   1.166869715261668716e+00   1.206622139576327468e+00   1.421110186945286458e+01   1.171816263161687388e+01   8.210972843491366746e-02   1.053476282871611147e+01
8.863872725963238830e-01   1.161120161580015520e+00   1.200128650059959723e+00   1.438810881561261823e+01   1.186008300490347267e+01   8.069998472072142937e-02   1.084467662048417047e+01
8.883285847295746551e-01   1.155220817706663183e+00   1.193480563092679470e+00   1.456985164962796908e+01   1.201400826099108166e+01   7.928844064353675336e-02   1.116685972250584946e+01
8.902698968628254272e-01   1.149168473116674249e+00   1.186674943293672957e+00   1.475945509766940766e+01   1.216553141121834258e+01   7.785981701303686109e-02   1.150197773778076105e+01
8.922112089960761994e-01   1.142959780932642389e+00   1.179708721843778063e+00   1.494579033589853623e+01   1.232354962805236553e+01   7.647369294264411144e-02   1.185073659771385834e+01
8.941525211293269715e-01   1.136591250414880960e+00   1.172578688511974443e+00   1.514894973562252112e+01   1.248551676537355704e+01   7.502772603055142542e-02   1.221390481219872015e+01
8.960938332625777436e-01   1.130059237377054160e+00   1.165281483031599397e+00   1.533896193725489887e+01   1.264812505782400365e+01   7.367247157921381906e-02   1.259229476321558039e+01
8.980351453958285157e-01   1.123359935619987482e+00   1.157813585733466377e+00   1.555866303813313856e+01   1.282146274434430921e+01   7.220157238875313244e-02   1.298679139286151063e+01
8.999764575290792878e-01   1.116489365649727006e+00   1.150171307384923569e+00   1.575656292382877233e+01   1.298916137703293217e+01   7.085868733220057614e-02   1.339834477903352550e+01
9.019177696623300600e-01   1.109443363775994840e+00   1.142350778134605616e+00   1.599000938920672787e+01   1.317496220224199632e+01   6.938353422887107158e-02   1.382797721953486203e+01
9.038590817955808321e-01   1.102217569880053816e+00   1.134347935470574331e+00   1.620338944972862194e+01   1.335536095130565570e+01   6.802388927944418018e-02   1.427679784309043676e+01
9.058003939288316042e-01   1.094807414062756834e+00   1.126158511079317082e+00   1.644490452277748815e+01   1.354775578256992752e+01   6.657426393363137518e-02   1.474600861463340351e+01
9.077417060620823763e-01   1.087208101698251994e+00   1.117778016489293424e+00   1.667713946770482991e+01   1.374220175228448149e+01   6.519152183164404757e-02   1.523690850188009627e+01
9.096830181953331484e-01   1.079414597943809895e+00   1.109201727356298628e+00   1.692600854206066785e+01   1.394192498897105637e+01   6.377254243145949464e-02   1.575090913769250101e+01
9.116243303285839206e-01   1.071421609655430984e+00   1.100424666223894787e+00   1.717873799408662094e+01   1.415194672444998325e+01   6.236905237301149790e-02   1.628954576559693379e+01
9.135656424618346927e-01   1.063223566658052732e+00   1.091441583579563446e+00   1.743473553384700026e+01   1.435968398743672303e+01   6.098306249578371724e-02   1.685449727304520806e+01
9.155069545950854648e-01   1.054814600293752846e+00   1.082246937009139209e+00   1.771275216338863245e+01   1.458716515255443369e+01   5.955114092738234000e-02   1.744758811494276785e+01
9.174482667283362369e-01   1.046188519902557346e+00   1.072834868185468249e+00   1.797591985080981658e+01   1.480650562749084997e+01   5.819944284272197954e-02   1.807082206583168471e+01
9.193895788615870091e-01   1.037338787365683856e+00   1.063199177429852593e+00   1.828148122345347915e+01   1.505074316605491447e+01   5.674260059599943451e-02   1.872639154059920585e+01
9.213308909948377812e-01   1.028258488382448377e+00   1.053333295520982871e+00   1.855262944342885945e+01   1.529024618406935154e+01   5.542386816477092026e-02   1.941670565748884059e+01
9.232722031280885533e-01   1.018940300568033308e+00   1.043230252373267275e+00   1.888994729597050082e+01   1.554616258698635534e+01   5.394087577922401094e-02   2.014442085538723859e+01
9.252135152613393254e-01   1.009376458180440750e+00   1.032882642155697139e+00   1.918991309016103131e+01   1.580858599938995823e+01   5.259932410522295820e-02   2.091246633372925601e+01
9.271548273945900975e-01   9.995587127845055875e-01   1.022282584341939415e+00   1.954293304963442424e+01   1.607724926141685984e+01   5.114681149681386124e-02   2.172408330848893954e+01
9.290961395278408697e-01   9.894782888826512135e-01   1.011421680087092101e+00   1.987440053435933507e+01   1.636601681551703535e+01   4.978657279106445122e-02   2.258287058903076883e+01
9.310374516610916418e-01   9.791258344444031536e-01   1.000290963240786146e+00   2.024590675622823710e+01   1.664873645006831282e+01   4.836166866881352194e-02   2.349283017138653662e+01
9.329787637943424139e-01   9.684913650521593809e-01   9.888808451449659920e-01   2.061669594627705848e+01   1.696773511228527909e+01   4.697607063594729654e-02   2.445843019123777395e+01
9.349200759275931860e-01   9.575642007562237268e-01   9.771810522527830667e-01   2.100812169762618709e+01   1.727662690670549495e+01   4.558066706479636104e-02   2.548466912679691276e+01
9.368613880608439581e-01   9.463328946600313429e-01   9.651805553588362896e-01   2.142176419597300097e+01   1.762010447823294612e+01   4.417623525320706762e-02   2.657716591168234288e+01
9.388027001940947303e-01   9.347851511164435578e-01   9.528674890329825731e-01   2.183564228965524734e+01   1.796640981223768918e+01   4.281005975076368486e-02   2.774223965264533476e+01
9.407440123273455024e-01   9.229077332510087217e-01   9.402290595522683203e-01   2.230361921811308790e+01   1.833033324765753846e+01   4.137928128281091744e-02   2.898705484019840739e+01
9.426853244605962745e-01   9.106863556219195743e-01   9.272514392255315485e-01   2.274576485312809027e+01   1.872105410702674533e+01   4.003762289385833645e-02   3.031973393481215240e+01
9.446266365938470466e-01   8.981055621185305426e-01   9.139196445846149430e-01   2.327246025036032862e+01   1.910746878611041666e+01   3.859091614968491318e-02   3.174954703748079510e+01
9.465679487270978187e-01   8.851485824096698707e-01   9.002173953182354138e-01   2.374597753667453048e+01   1.955081835570685556e+01   3.727572726970704992e-02   3.328710355451929104e+01
9.485092608603485909e-01   8.717971673326019300e-01   8.861269500689062939e-01   2.434824466430801948e+01   1.998521495428339279e+01   3.580533953688109366e-02   3.494461795078265709e+01
9.504505729935993630e-01   8.580313945533362130e-01   8.716289142611759466e-01   2.486797414922603267e+01   2.046859625358141699e+01   3.450346978022899441e-02   3.673622392100728717e+01
9.523918851268501351e-01   8.438294406420254745e-01   8.567020139380859822e-01   2.555045615248639734e+01   2.097325643265305573e+01   3.302600296472239794e-02   3.867835069402354264e+01
9.543331972601009072e-01   8.291673110921918832e-01   8.413228278423888762e-01   2.612487786826538638e+01   2.148943836165544141e+01   3.173861004339486452e-02   4.079022848320954608e+01
9.562745093933516793e-01   8.140185183576704731e-01   8.254654680249698950e-01   2.691055837417277274e+01   2.208054858013230870e+01   3.024903857583717895e-02   4.309449515150914323e+01
9.582158215266024515e-01   7.983536957229944164e-01   8.091011961794118967e-01   2.757014959686130595e+01   2.266860723215446072e+01   2.895717677984170624e-02   4.561800763758598265e+01
9.601571336598532236e-01   7.821401294614817035e-01   7.921979592081822563e-01   2.846385968110453035e+01   2.332956046847438714e+01   2.747835810828909431e-02   4.839285158107862372e+01
9.620984457931039957e-01   7.653411879496161419e-01   7.747198221263785767e-01   2.923317976713688182e+01   2.404142090626427475e+01   2.618056585175148124e-02   5.145768047939515100e+01
9.640397579263547678e-01   7.479156186797127903e-01   7.566262690558863691e-01   3.026562741032812198e+01   2.475380858294558450e+01   2.471171697648293780e-02   5.485950792095027850e+01
9.659810700596055399e-01   7.298166719360779098e-01   7.378713326561263663e-01   3.121105817744287592e+01   2.561623612077614354e+01   2.338327229364934798e-02   5.865607659656754436e+01
9.679223821928563121e-01   7.109909985731519555e-01   7.184024974432350330e-01   3.237603311332377132e+01   2.651573794969394982e+01   2.196041114995513424e-02   6.291909575737483351e+01
9.698636943261070842e-01   6.913772432154701164e-01   6.981593005925335049e-01   3.356911113744076403e+01   2.743874638048617953e+01   2.059563747114988991e-02   6.773877038996715783e+01
9.718050064593578563e-01   6.709042245437331076e-01   6.770715213114198994e-01   3.489981763224046318e+01   2.857692657666166625e+01   1.922371720143177878e-02   7.323015059127544646e+01
9.737463185926086284e-01   6.494885435325840062e-01   6.550568001668948259e-01   3.646234627476537327e+01   2.979464842054371587e+01   1.781258229073640065e-02   7.954229659988911294e+01
9.756876307258594005e-01   6.270313828838425252e-01   6.320174518867077706e-01   3.793123150616221295e+01   3.109070497460945148e+01   1.653074150207795370e-02   8.687192026611798212e+01
9.776289428591101727e-01   6.034141330397915226e-01   6.078361095885537191e-01   4.005132786970715841e+01   3.261659889880549912e+01   1.506602065736212769e-02   9.548398245785014637e+01
9.795702549923609448e-01   5.784922738905606820e-01   5.823696286338366779e-01   4.217434308674140198e+01   3.441558549681045776e+01   1.371668724515177386e-02   1.057441968418096394e+02
9.809569065161115597e-01   5.597946435676703913e-01   5.632957479291403891e-01   4.394636076358061416e+01   3.579221511073994577e+01   1.273813425824295818e-02   1.143612971055889318e+02
9.823435580398621747e-01   5.402614680803026204e-01   5.433976576366232880e-01   4.585372978535638566e+01   3.737334732687691741e+01   1.178227966643703196e-02   1.243388271073330600e+02
9.837302095636127897e-01   5.197975527462403988e-01   5.225808451133528987e-01   4.821303449391560036e+01   3.922331055823551793e+01   1.078126606637543061e-02   1.360247944543986307e+02
9.851168610873634046e-01   4.982871873852445788e-01   5.007303526448000364e-01   5.071914484095562159e+01   4.106688767679905538e+01   9.824439843135496231e-03   1.498970874759369281e+02
9.865035126111140196e-01   4.755873105146975477e-01   4.777039489667394001e-01   5.369681389294467522e+01   4.362966631639181969e+01   8.856899991550259976e-03   1.666305428500083110e+02
9.874939779852215382e-01   4.585467476670146425e-01   4.604389775199536627e-01   5.596410178603913010e+01   4.546397885537757588e+01   8.193587193092488619e-03   1.808632747172796655e+02
9.884844433593290569e-01   4.407269482052242893e-01   4.424025076182934169e-01   5.921584266776045524e+01   4.780363054260956091e+01   7.442720196991711896e-03   1.975544688618399789e+02
9.894749087334365756e-01   4.220288668834655255e-01   4.234958069657102087e-01   6.161635091383835316e+01   5.018916147634332958e+01   6.849299911862883478e-03   2.174037359155729234e+02
9.904653741075440943e-01   4.023298415091858815e-01   4.035964126005736063e-01   6.629729205306797724e+01   5.325968731078455676e+01   6.068571265130091527e-03   2.414086382936844188e+02
6.465080266283783628e-01   9.941890142116562856e-01   9.022973965197188528e-01   2.970522189914817535e+00   2.490028132221881130e+00   3.346849310155012303e-01   9.924669409558936062e-01
6.456361524146568831e-01   1.004971551851099321e+00   9.189871161254622445e-01   3.027739911845424015e+00   2.537976359138074844e+00   3.319213608538005844e-01   9.946541881020166675e-01
6.451837136397946537e-01   1.012152661981303936e+00   9.301135988772620822e-01   3.066815637884854784e+00   2.570685178923336700e+00   3.300337488429442301e-01   9.963070229328563343e-01
6.448337202728842144e-01   1.019329307411567243e+00   9.412400838115482227e-01   3.106669339436105570e+00   2.604026040932009955e+00   3.281100098012318944e-01   9.981352889512896676e-01
6.445858129739667763e-01   1.026502625805278512e+00   9.523665709777850985e-01   3.147337592658323580e+00   2.638005355209241731e+00   3.261495138620536527e-01   1.000153306615886528e+00
6.444397758124826847e-01   1.033673751681476460e+00   9.634930605815040794e-01   3.188859213922786928e+00   2.672654312172772162e+00   3.241515797148971090e-01   1.002369454409177241e+00
6.443955400969705316e-01   1.040843817864470111e+00   9.746195524945232558e-01   3.231275428512669468e+00   2.708032894807455460e+00   3.221154744903817480e-01   1.004803707347182273e+00
6.444034917114683791e-01   1.043245135499205389e+00   9.783459739056499238e-01   3.245753718234441365e+00   2.720064198834805769e+00   3.214184519417845887e-01   1.005671487677751719e+00
6.444531893020796209e-01   1.048013957403895802e+00   9.857460469177514728e-01   3.274640103726710549e+00   2.744211515950129243e+00   3.200394315733205430e-01   1.007473131103833630e+00
6.445774332786077254e-01   1.053923366056437771e+00   9.949148322344880668e-01   3.311228685022688190e+00   2.774570683492405543e+00   3.182877011254257038e-01   1.009866710279852864e+00
6.448880432199278756e-01   1.062649018276601964e+00   1.008448764659352292e+00   3.366493221671909453e+00   2.820521391139563683e+00   3.156545842527661572e-01   1.013737460350984110e+00
6.456645680732281400e-01   1.076086233026671835e+00   1.029273596738806473e+00   3.454773345534400075e+00   2.893801588543622572e+00   3.114780986768953541e-01   1.020582419511482319e+00
6.476058802064789122e-01   1.097036775947003662e+00   1.061676543865386124e+00   3.600955398505572891e+00   3.014912035133864965e+00   3.046515867434190783e-01   1.033756409037401180e+00
6.495471923397296843e-01   1.111988408195543343e+00   1.084730868531171177e+00   3.712550152168358153e+00   3.107116614931634047e+00   2.995214509212955623e-01   1.045407922631835573e+00
6.514885044729804564e-01   1.124214466059811457e+00   1.103525958292136178e+00   3.808712715869801535e+00   3.186520378799113207e+00   2.951691424179974654e-01   1.056613518036968236e+00
6.534298166062312285e-01   1.134778407974067704e+00   1.119717417398265802e+00   3.896023012819926912e+00   3.258426002157924106e+00   2.912658380713001316e-01   1.067710141222682596e+00
7.757324810010298721e-01   1.311482897549126392e+00   1.377088810983345679e+00   7.963438639282128584e+00   6.588982989256814804e+00   1.646880144313325467e-01   2.783767654272082392e+00
7.776737931342806442e-01   1.311317590039493552e+00   1.376876081296142473e+00   8.039341089768857529e+00   6.650776050969020581e+00   1.631125704702741652e-01   2.839890197980923681e+00
7.796151052675314164e-01   1.311077486969566053e+00   1.376567823678106262e+00   8.114214426332821972e+00   6.712989354349728544e+00   1.615778703992298837e-01   2.897509473156142157e+00
7.815564174007821885e-01   1.310762264938716726e+00   1.376164099014135500e+00   8.191927138638439132e+00   6.775580871775532366e+00   1.600065824262904002e-01   2.956667229775360006e+00
7.834977295340329606e-01   1.310371571323116768e+00   1.375664930544842735e+00   8.270042039026797909e+00   6.839574528420190092e+00   1.584479939931863757e-01   3.017409002509736649e+00
7.854390416672837327e-01   1.309905024876002244e+00   1.375070304657370679e+00   8.346750143526007193e+00   6.904273270394337914e+00   1.569359334293724262e-01   3.079781828485762762e+00
7.873803538005345048e-01   1.309362216062368134e+00   1.374380171591505384e+00   8.427685783894967031e+00   6.969397788964894147e+00   1.553643846765759562e-01   3.143834103200677355e+00
7.893216659337852770e-01   1.308742706609336892e+00   1.373594446059356100e+00   8.507800433242966420e+00   7.034893414013080104e+00   1.538285620212269111e-01   3.209617592507099104e+00
7.912629780670360491e-01   1.308046030239097490e+00   1.372713007780079986e+00   8.587475438799733851e+00   7.100692128699567007e+00   1.523202062772854026e-01   3.277181727483108542e+00
7.932042902002868212e-01   1.307271693010534364e+00   1.371735701956229292e+00   8.671105137024699872e+00   7.168551567485429210e+00   1.507618316641811673e-01   3.346584345328718957e+00
7.951456023335375933e-01   1.306419172370056003e+00   1.370662339655234430e+00   8.752851045836342436e+00   7.236819098841255737e+00   1.492564154843590840e-01   3.417878908411747574e+00
7.970869144667883655e-01   1.305487918140102011e+00   1.369492698141557163e+00   8.837028767325332268e+00   7.305414612959580722e+00   1.477292823767992480e-01   3.491126289078065437e+00
7.990282266000391376e-01   1.304477352016306213e+00   1.368226521127810846e+00   8.922393555064989101e+00   7.374251837130747944e+00   1.462026242135207599e-01   3.566385005072915781e+00
8.009695387332899097e-01   1.303386867377071212e+00   1.366863518965354629e+00   9.005968604509375197e+00   7.445094582876962797e+00   1.447247847082714645e-01   3.643721017803152495e+00
8.029108508665406818e-01   1.302215829417946225e+00   1.365403368775287563e+00   9.095049542292933609e+00   7.516693531464344602e+00   1.431785306239956312e-01   3.723199030548848487e+00
8.048521629997914539e-01   1.300963574678348778e+00   1.363845714510263596e+00   9.181494097944705501e+00   7.588526610875698353e+00   1.416941034650963660e-01   3.804887705182088631e+00
8.067934751330422261e-01   1.299629411024284309e+00   1.362190166958661131e+00   9.271158370344263489e+00   7.660536032662434991e+00   1.401798307298277313e-01   3.888857637896493191e+00
8.087347872662929982e-01   1.298212617099125055e+00   1.360436303692860838e+00   9.361441235436323893e+00   7.735348768670517572e+00   1.386765760153401417e-01   3.975184077263306470e+00
8.106760993995437703e-01   1.296712441997328824e+00   1.358583668953416757e+00   9.451004600416283097e+00   7.810376068696074370e+00   1.372036621313477422e-01   4.063943702756995791e+00
8.126174115327945424e-01   1.295128105479989244e+00   1.356631773470037050e+00   9.545259874039293990e+00   7.885475875324112316e+00   1.356828543770098872e-01   4.155217389751856949e+00
8.145587236660453145e-01   1.293458796198024174e+00   1.354580094232655352e+00   9.635676688498630682e+00   7.962225943218327551e+00   1.342364255270132589e-01   4.249086015252185433e+00
8.165000357992960867e-01   1.291703672806079339e+00   1.352428074200967778e+00   9.733367219619092126e+00   8.040645789197666815e+00   1.327088194312090463e-01   4.345643485511481607e+00
8.184413479325468588e-01   1.289861861957774636e+00   1.350175121950771384e+00   9.827648034628701623e+00   8.119080106478573811e+00   1.312482760282843997e-01   4.444975079266688667e+00
8.203826600657976309e-01   1.287932458900854726e+00   1.347820611261307144e+00   9.926159060716658544e+00   8.198205852056638321e+00   1.297513419866422324e-01   4.547179265962705053e+00
8.223239721990484030e-01   1.285914525717430257e+00   1.345363880645508159e+00   1.002449779553140274e+01   8.280214255780357746e+00   1.282772017058699532e-01   4.652353782792807202e+00
8.242652843322991751e-01   1.283807091665948974e+00   1.342804232811873888e+00   1.012393401040794672e+01   8.362149203274061193e+00   1.268091129738821432e-01   4.760604755442787273e+00
8.262065964655499473e-01   1.281609151626867060e+00   1.340140934070907175e+00   1.022642877269993988e+01   8.444212897212032942e+00   1.253232364995489900e-01   4.872038150050601146e+00
8.281479085988007194e-01   1.279319665518982907e+00   1.337373213664412530e+00   1.032725345254220883e+01   8.529999473360863504e+00   1.238780157181151864e-01   4.986767844673911654e+00
8.300892207320514915e-01   1.276937557622773056e+00   1.334500263042620594e+00   1.043398140437694899e+01   8.615585374125021900e+00   1.223825793945838153e-01   5.104915454509643347e+00
8.320305328653022636e-01   1.274461715367124270e+00   1.331521235057455677e+00   1.053631234815200912e+01   8.701222334366983446e+00   1.209589914625732732e-01   5.226604194724018271e+00
8.339718449985530357e-01   1.271890988135396583e+00   1.328435243095397400e+00   1.064749810656493345e+01   8.790963722370470634e+00   1.194544460497425353e-01   5.351959682081235847e+00
8.359131571318038079e-01   1.269224186794190246e+00   1.325241360129161494e+00   1.075184511129690890e+01   8.880325045645514948e+00   1.180471048137238244e-01   5.481124099417478135e+00
8.378544692650545800e-01   1.266460081930176784e+00   1.321938617690014750e+00   1.086745484912547433e+01   8.970265929692624596e+00   1.165369536393419114e-01   5.614237846345774940e+00
8.397957813983053521e-01   1.263597402712889561e+00   1.318526004768822979e+00   1.097551353325776269e+01   9.064115702330727942e+00   1.151287726887643276e-01   5.751450475825710562e+00
8.417370935315561242e-01   1.260634835760583883e+00   1.315002466617242405e+00   1.109433000836132877e+01   9.157336120489818043e+00   1.136287486320036039e-01   5.892919909552329472e+00
8.436784056648068963e-01   1.257571023754621820e+00   1.311366903471897327e+00   1.120651364586081478e+01   9.252435255586872742e+00   1.122178639579948511e-01   6.038810934808127584e+00
8.456197177980576685e-01   1.254404563415846496e+00   1.307618169177615641e+00   1.132856269431682605e+01   9.350508804979776656e+00   1.107293658749084475e-01   6.189296825749078579e+00
8.475610299313084406e-01   1.251134004638402075e+00   1.303755069714772841e+00   1.144469079029268599e+01   9.447609230566538230e+00   1.093200356011021224e-01   6.344558997946011303e+00
8.495023420645592127e-01   1.247757848219180232e+00   1.299776361612729136e+00   1.157075956780980697e+01   9.548881327937900565e+00   1.078371597738906618e-01   6.504791017203771730e+00
8.514436541978099848e-01   1.244274544240056457e+00   1.295680750269469161e+00   1.169104228703187331e+01   9.651233485563306402e+00   1.064297360056810915e-01   6.670195652133172004e+00
8.533849663310607569e-01   1.240682490152948958e+00   1.291466888132982715e+00   1.182135860571070474e+01   9.752906192260816454e+00   1.049526142920320093e-01   6.840982725991525015e+00
8.553262784643115291e-01   1.236980028673201559e+00   1.287133372770445705e+00   1.194556537612881719e+01   9.860808485855013572e+00   1.035514008524951041e-01   7.017376952642140786e+00
8.572675905975623012e-01   1.233165445423765050e+00   1.282678744796141634e+00   1.208107948293893052e+01   9.967400518153034739e+00   1.020741107750560289e-01   7.199615223111879736e+00
8.592089027308130733e-01   1.229236967046631435e+00   1.278101485662454184e+00   1.220939472798273329e+01   1.007685149749437059e+01   1.006795991474778856e-01   7.387946570530611545e+00
8.611502148640638454e-01   1.225192758065645648e+00   1.273400015291035858e+00   1.235040862521804783e+01   1.018945916653604122e+01   9.920260901845380508e-02   7.582633228144780801e+00
8.630915269973146176e-01   1.221030918972019208e+00   1.268572689546969556e+00   1.248245734712247312e+01   1.030011006852842925e+01   9.781975495822528566e-02   7.783955791144989256e+00
8.650328391305653897e-01   1.216749482609202460e+00   1.263617797531360276e+00   1.263014985820068858e+01   1.041891834238930414e+01   9.633689989981976398e-02   7.992207090487179144e+00
8.669741512638161618e-01   1.212346411785233613e+00   1.258533558691653287e+00   1.276613310090179709e+01   1.053608425718002906e+01   9.496582890081207984e-02   8.207700278569177499e+00
8.689154633970669339e-01   1.207819595633850440e+00   1.253318119720267410e+00   1.292091060957932136e+01   1.065642649673270803e+01   9.347790044599453563e-02   8.430761831676175433e+00
8.708567755303177060e-01   1.203166846474914564e+00   1.247969551247762654e+00   1.306216832067074485e+01   1.078053526272020513e+01   9.211080556747347492e-02   8.661746131038768226e+00
8.727980876635684782e-01   1.198385895922683630e+00   1.242485844284015872e+00   1.322352632646056492e+01   1.090264430041232657e+01   9.062528907472186535e-02   8.901022665277166013e+00
8.747393997968192503e-01   1.193474390923825013e+00   1.236864906419255616e+00   1.337233850709735883e+01   1.103418974141349018e+01   8.924948992955790417e-02   9.148983908855402802e+00
8.766807119300700224e-01   1.188429889683561669e+00   1.231104557745368311e+00   1.353883588354118572e+01   1.116311376749435880e+01   8.777932607398729326e-02   9.406053286502334743e+00
8.786220240633207945e-01   1.183249857109331060e+00   1.225202526466693476e+00   1.369571941325267339e+01   1.129783935928291427e+01   8.639559715018391151e-02   9.672672897070240694e+00
8.805633361965715666e-01   1.177931659836417566e+00   1.219156444205909740e+00   1.386761316535210931e+01   1.143488157936170069e+01   8.494119685855175406e-02   9.949321481747986695e+00
8.825046483298223388e-01   1.172472561126028268e+00   1.212963840944010441e+00   1.403420811953525593e+01   1.157239594071737621e+01   8.354390580071109629e-02   1.023650401773062057e+01
8.844459604630731109e-01   1.166869715273946895e+00   1.206622139577252284e+00   1.421110186941634090e+01   1.171816263158960147e+01   8.210972843598868254e-02   1.053476291431180201e+01
8.863872725963238830e-01   1.161120161593089506e+00   1.200128650060218627e+00   1.438810881559910193e+01   1.186008300489154976e+01   8.069998472170590575e-02   1.084467528009627202e+01
8.883285847295746551e-01   1.155220817735425953e+00   1.193480563092290003e+00   1.456985164961050394e+01   1.201400826097865426e+01   7.928844064560591764e-02   1.116685922476921888e+01
8.902698968628254272e-01   1.149168473072563756e+00   1.186674943293761775e+00   1.475945509768029318e+01   1.216553141122697390e+01   7.785981700999081156e-02   1.150197538852921042e+01
8.922112089960761994e-01   1.142959780947762738e+00   1.179708721843712116e+00   1.494579033585046801e+01   1.232354962801376175e+01   7.647369294390174432e-02   1.185073706539940552e+01
7.330236140695128855e-01   1.296437871568400624e+00   1.356914311685114338e+00   6.458314388689868402e+00   5.356516214351032978e+00   2.007393560522214848e-01   1.855391628809793358e+00
7.349649262027636576e-01   1.297904696293244342e+00   1.358912824006921038e+00   6.521313629464849271e+00   5.408187660161090982e+00   1.990250385181601411e-01   1.887145992797818028e+00
7.369062383360144297e-01   1.299294712229425608e+00   1.360801696055167875e+00   6.585381898577423954e+00   5.460182836868554546e+00   1.972998274420652287e-01   1.919728325242503031e+00
7.388475504692652018e-01   1.300608512968324249e+00   1.362582309087038812e+00   6.649736163883600781e+00   5.512516442121023097e+00   1.955879873899746824e-01   1.953164120256334124e+00
7.407888626025159740e-01   1.301846627075292417e+00   1.364255945762868238e+00   6.714303067361320210e+00   5.565212947631554385e+00   1.938915497281701039e-01   1.987471668948510350e+00
7.427301747357667461e-01   1.303009521947501526e+00   1.365823796308772486e+00   6.779027095032096994e+00   5.618282738554669642e+00   1.922118769671818383e-01   2.022672516977375157e+00
7.446714868690175182e-01   1.304097607635526179e+00   1.367286964099446722e+00   6.843847371490979548e+00   5.671748650591193375e+00   1.905503639762526902e-01   2.058793429932850749e+00
7.466127990022682903e-01   1.305111239184043370e+00   1.368646470749393051e+00   6.909699578360214645e+00   5.725617325692462067e+00   1.888810395275922760e-01   2.095853413050394742e+00
7.485541111355190624e-01   1.306050720473763249e+00   1.369903260751770047e+00   6.976550448942852256e+00   5.779909191451851669e+00   1.872058017829811016e-01   2.133883867818457958e+00
7.504954232687698346e-01   1.306916305857271254e+00   1.371058205702016197e+00   7.043479017390173347e+00   5.834627587764517287e+00   1.855498259639203340e-01   2.172905860482885920e+00
7.524367354020206067e-01   1.307708202966409772e+00   1.372112108166061217e+00   7.110382271542072807e+00   5.889789524508064034e+00   1.839153160864864522e-01   2.212946067469961253e+00
7.543780475352713788e-01   1.308426574825716671e+00   1.373065705205485099e+00   7.177504643781609239e+00   5.945395373207395195e+00   1.822954689356141855e-01   2.254033460069292172e+00
7.563193596685221509e-01   1.309071541697903518e+00   1.373919671609767468e+00   7.246730621864078792e+00   6.001457408363871870e+00   1.806430527096329341e-01   2.296192015139026044e+00
7.582606718017729230e-01   1.309643182789159255e+00   1.374674622848303107e+00   7.315913063972774744e+00   6.057973278182489096e+00   1.790129504461308307e-01   2.339456957463647235e+00
7.602019839350236952e-01   1.310141538118955395e+00   1.375331117774413636e+00   7.384881742577060315e+00   6.114948795848018648e+00   1.774086009482614690e-01   2.383853915367931897e+00
7.621432960682744673e-01   1.310566609318584597e+00   1.375889661104659378e+00   7.454504603926229933e+00   6.172379061966212888e+00   1.758086793089267408e-01   2.429415493920428215e+00
7.640846082015252394e-01   1.310918361925928366e+00   1.376350705684108444e+00   7.526092002157469985e+00   6.230261154857729800e+00   1.741831433299159126e-01   2.476173466930354117e+00
7.660259203347760115e-01   1.311196725593049450e+00   1.376714654565269980e+00   7.597349285507069006e+00   6.288587755917595778e+00   1.725860792124336851e-01   2.524159155410594213e+00
7.679672324680267836e-01   1.311401595802522024e+00   1.376981862905492626e+00   7.668040943809354637e+00   6.347344194786304961e+00   1.710217258113699568e-01   2.573409102503803059e+00
7.699085446012775558e-01   1.311532834390845892e+00   1.377152639708836057e+00   7.741699922230739439e+00   6.406520842272306560e+00   1.694114790764110479e-01   2.623957568859383915e+00
7.718498567345283279e-01   1.311590271012619269e+00   1.377227249410525545e+00   7.815289151509750454e+00   6.466769335605890845e+00   1.678236397381723810e-01   2.675841168503340750e+00
7.737911688677791000e-01   1.311573703220460629e+00   1.377205913328781062e+00   7.888120949590013531e+00   6.527640771076049120e+00   1.662720071867850868e-01   2.729098200638487182e+00
7.757324810010298721e-01   1.311482897520704460e+00   1.377088810983125855e+00   7.963438639280809639e+00   6.588982989255438127e+00   1.646880144277907965e-01   2.783768471035709346e+00
7.776737931342806442e-01   1.311317590072917705e+00   1.376876081296339427e+00   8.039341089766722348e+00   6.650776050967758479e+00   1.631125704744750826e-01   2.839891007761060404e+00
7.796151052675314164e-01   1.311077487016859777e+00   1.376567823678780389e+00   8.114214426333340668e+00   6.712989354350302307e+00   1.615778704050480352e-01   2.897508536564083137e+00
7.815564174007821885e-01   1.310762264946333744e+00   1.376164099014288045e+00   8.191927138633159799e+00   6.775580871771271774e+00   1.600065824273233517e-01   2.956667580977951904e+00
7.834977295340329606e-01   1.310371571294695059e+00   1.375664930544563624e+00   8.270042039008359325e+00   6.839574528406835441e+00   1.584479939901029255e-01   3.017408207720815305e+00
7.854390416672837327e-01   1.309905024912154659e+00   1.375070304657319165e+00   8.346750143508840480e+00   6.904273270382705441e+00   1.569359334340265089e-01   3.079781144391198211e+00
7.873803538005345048e-01   1.309362216030762971e+00   1.374380171592063382e+00   8.427685783906850858e+00   6.969397788974526442e+00   1.553643846726067423e-01   3.143834163613616450e+00
7.893216659337852770e-01   1.308742706577163517e+00   1.373594446059275498e+00   8.507800433239287585e+00   7.034893414011374801e+00   1.538285620175117996e-01   3.209615587380689750e+00
7.912629780670360491e-01   1.308046030265927584e+00   1.372713007780419936e+00   8.587475438797902427e+00   7.100692128698629979e+00   1.523202062804422108e-01   3.277181862907067700e+00
7.932042902002868212e-01   1.307271692998710932e+00   1.371735701956091402e+00   8.671105137015155506e+00   7.168551567478461450e+00   1.507618316629835697e-01   3.346583633131322344e+00
7.951456023335375933e-01   1.306419172366645398e+00   1.370662339655184470e+00   8.752851045829544319e+00   7.236819098836112296e+00   1.492564154840853308e-01   3.417878200329103056e+00
7.970869144667883655e-01   1.305487918148969584e+00   1.369492698141900888e+00   8.837028767324738965e+00   7.305414612959542531e+00   1.477292823778126041e-01   3.491125178046673216e+00
7.990282266000391376e-01   1.304477351952755271e+00   1.368226521128261597e+00   8.922393555059286996e+00   7.374251837127500764e+00   1.462026242064915771e-01   3.566385119706757312e+00
8.009695387332899097e-01   1.303386867426638673e+00   1.366863518965310886e+00   9.005968604518594489e+00   7.445094582884578038e+00   1.447247847136271526e-01   3.643722376999124712e+00
8.029108508665406818e-01   1.302215829429655969e+00   1.365403368775081061e+00   9.095049542304153078e+00   7.516693531471425160e+00   1.431785306251064926e-01   3.723199251511604135e+00
8.048521629997914539e-01   1.300963574698585035e+00   1.363845714510463880e+00   9.181494097947886956e+00   7.588526610877770473e+00   1.416941034672513089e-01   3.804888448640663334e+00
8.067934751330422261e-01   1.299629410976081090e+00   1.362190166958137327e+00   9.271158370348137723e+00   7.660536032664515993e+00   1.401798307245698816e-01   3.888858259732873357e+00
8.087347872662929982e-01   1.298212617042963757e+00   1.360436303693738136e+00   9.361441235462091726e+00   7.735348768689767063e+00   1.386765760089592181e-01   3.975183397385668727e+00
8.106760993995437703e-01   1.296712442082139427e+00   1.358583668954197687e+00   9.451004600413996926e+00   7.810376068695735086e+00   1.372036621403546486e-01   4.063943730204808702e+00
8.126174115327945424e-01   1.295128105409844466e+00   1.356631773469102242e+00   9.545259874039873083e+00   7.885475875324063466e+00   1.356828543696529943e-01   4.155215671728388571e+00
8.145587236660453145e-01   1.293458796264303823e+00   1.354580094232480603e+00   9.635676688491521702e+00   7.962225943213590895e+00   1.342364255339908719e-01   4.249086682760388811e+00
8.165000357992960867e-01   1.291703672775270428e+00   1.352428074200578756e+00   9.733367219621520405e+00   8.040645789198620719e+00   1.327088194280106603e-01   4.345642529637027351e+00
8.184413479325468588e-01   1.289861862006432602e+00   1.350175121949537260e+00   9.827648034647134878e+00   8.119080106491271209e+00   1.312482760329893583e-01   4.444974589646460750e+00
8.203826600657976309e-01   1.287932458824684545e+00   1.347820611261929313e+00   9.926159060703472647e+00   8.198205852047331987e+00   1.297513419791409273e-01   4.547177897541237357e+00
8.223239721990484030e-01   1.285914525716293610e+00   1.345363880645188859e+00   1.002449779552039821e+01   8.280214255772406773e+00   1.282772017058973757e-01   4.652353911602498115e+00
8.242652843322991751e-01   1.283807091673793366e+00   1.342804232813163523e+00   1.012393401039359375e+01   8.362149203262543296e+00   1.268091129748367685e-01   4.760603784352113621e+00
8.262065964655499473e-01   1.281609151645170641e+00   1.340140934070029211e+00   1.022642877271980844e+01   8.444212897225206405e+00   1.253232365010953364e-01   4.872038672710282903e+00
8.281479085988007194e-01   1.279319665578100285e+00   1.337373213664243110e+00   1.032725345255997595e+01   8.529999473374269670e+00   1.238780157236264584e-01   4.986769201497881276e+00
8.300892207320514915e-01   1.276937557630162701e+00   1.334500263042158075e+00   1.043398140437115451e+01   8.615585374120684037e+00   1.223825793953600000e-01   5.104915211116366258e+00
8.320305328653022636e-01   1.274461715354959779e+00   1.331521235056513763e+00   1.053631234812060313e+01   8.701222334342340048e+00   1.209589914617792972e-01   5.226603794790317892e+00
8.339718449985530357e-01   1.271890988180871318e+00   1.328435243094979512e+00   1.064749810658320506e+01   8.790963722384558920e+00   1.194544460538084774e-01   5.351960091289354793e+00
8.359131571318038079e-01   1.269224186803853627e+00   1.325241360128720958e+00   1.075184511130377807e+01   8.880325045651488836e+00   1.180471048145471658e-01   5.481124411092656246e+00
8.378544692650545800e-01   1.266460081916875424e+00   1.321938617689917495e+00   1.086745484914447424e+01   8.970265929706952690e+00   1.165369536379141924e-01   5.614238293148876124e+00
8.397957813983053521e-01   1.263597402670143310e+00   1.318526004768917126e+00   1.097551353323667023e+01   9.064115702316493994e+00   1.151287726850908910e-01   5.751449463504755499e+00
8.417370935315561242e-01   1.260634835810265031e+00   1.315002466616861820e+00   1.109433000833964300e+01   9.157336120471526897e+00   1.136287486367037747e-01   5.892920659773412950e+00
8.436784056648068963e-01   1.257571023719606274e+00   1.311366903472400036e+00   1.120651364589360099e+01   9.252435255609590570e+00   1.122178639545419743e-01   6.038811973273621625e+00
8.456197177980576685e-01   1.254404563409593720e+00   1.307618169178356826e+00   1.132856269431613683e+01   9.350508804979796196e+00   1.107293658743632447e-01   6.189296748802746606e+00
8.475610299313084406e-01   1.251134004641130559e+00   1.303755069714530146e+00   1.144469079031060410e+01   9.447609230579827155e+00   1.093200356011693741e-01   6.344559606941361452e+00
8.495023420645592127e-01   1.247757848202468267e+00   1.299776361612632769e+00   1.157075956780311543e+01   9.548881327932599916e+00   1.078371597725086978e-01   6.504792173379127185e+00
8.514436541978099848e-01   1.244274544301674723e+00   1.295680750269023296e+00   1.169104228707159265e+01   9.651233485592278782e+00   1.064297360105900675e-01   6.670196035054330785e+00
8.533849663310607569e-01   1.240682490143512950e+00   1.291466888133843138e+00   1.182135860572515007e+01   9.752906192271080243e+00   1.049526142911055421e-01   6.840982924685627076e+00
6.445774332786077254e-01   1.053923366073718171e+00   9.949148322411484058e-01   3.311228685064855348e+00   2.774570683521624392e+00   3.182877011265911604e-01   1.009866008527381620e+00
6.448880432199278756e-01   1.062649018310366955e+00   1.008448764658582686e+00   3.366493221650190826e+00   2.820521391128085309e+00   3.156545842648322830e-01   1.013739537016884684e+00
6.456645680732281400e-01   1.076086233016326332e+00   1.029273596734162854e+00   3.454773345496617853e+00   2.893801588518619905e+00   3.114780986773072469e-01   1.020581636540325521e+00
6.476058802064789122e-01   1.097036775962919819e+00   1.061676543864330968e+00   3.600955398497765358e+00   3.014912035128306744e+00   3.046515867484995699e-01   1.033755806846152536e+00
6.495471923397296843e-01   1.111988408138699924e+00   1.084730868530270120e+00   3.712550152164792561e+00   3.107116614928620013e+00   2.995214509062720798e-01   1.045407656405965557e+00
6.514885044729804564e-01   1.124214466087437359e+00   1.103525958291422082e+00   3.808712715860831377e+00   3.186520378793583408e+00   2.951691424259459962e-01   1.056614268688097047e+00
6.534298166062312285e-01   1.134778407952921953e+00   1.119717417397400938e+00   3.896023012806069996e+00   3.258426002149579226e+00   2.912658380669085334e-01   1.067708700777896702e+00
6.553711287394820006e-01   1.144187087028626593e+00   1.134095339910886846e+00   3.977132242576230325e+00   3.325193822897391183e+00   2.876914865389205711e-01   1.078855109312089278e+00
6.573124408727327728e-01   1.152729264974254875e+00   1.147110461875539666e+00   4.053813680953796350e+00   3.388377814943577704e+00   2.843567454493953206e-01   1.090142804449285130e+00
6.592537530059835449e-01   1.160587997160405394e+00   1.159048928265903555e+00   4.127327800417760706e+00   3.448742822198073377e+00   2.811959827961648117e-01   1.101622546200019981e+00
6.611950651392343170e-01   1.167887969895673450e+00   1.170105940041410664e+00   4.198146274113442544e+00   3.506898728663824460e+00   2.781913477138921453e-01   1.113345180796496692e+00
6.631363772724850891e-01   1.174718627277229643e+00   1.180421753798996942e+00   4.266807058618888426e+00   3.563250178460076523e+00   2.753156191828067256e-01   1.125329087243429171e+00
6.650776894057358612e-01   1.181146698281054341e+00   1.190101188088530160e+00   4.333795562778806065e+00   3.618334990884405578e+00   2.725432432543517525e-01   1.137604335870148420e+00
6.670190015389866334e-01   1.187223517430879838e+00   1.199225030082679888e+00   4.399433704781963606e+00   3.672043410826774767e+00   2.698582583800336332e-01   1.150190707053686978e+00
6.689603136722374055e-01   1.192989563945502596e+00   1.207857110721554106e+00   4.463923898626992681e+00   3.724959246581947880e+00   2.672513221635433034e-01   1.163104157740189937e+00
6.709016258054881776e-01   1.198477411464978104e+00   1.216048904485427462e+00   4.527374495410831479e+00   3.776973025681507945e+00   2.647179756567108466e-01   1.176357904691130329e+00
6.728429379387389497e-01   1.203713719598908938e+00   1.223842637068121464e+00   4.589813853062422844e+00   3.828255760408389552e+00   2.622576335630180666e-01   1.189971182330160193e+00
6.747842500719897219e-01   1.208720623171075204e+00   1.231273453402194962e+00   4.651842904456004568e+00   3.878949544847693165e+00   2.598369394661286802e-01   1.203950217629794039e+00
6.767255622052404940e-01   1.213516727230626202e+00   1.238370971776072249e+00   4.713209909703924616e+00   3.929161023336936953e+00   2.574713943319484333e-01   1.218312758282870778e+00
6.786668743384912661e-01   1.218117836757414807e+00   1.245160424168508140e+00   4.773880791934429269e+00   3.978967618853584298e+00   2.551630193228641708e-01   1.233067909123366501e+00
6.806081864717420382e-01   1.222537502991485781e+00   1.251663510075345487e+00   4.834447186779442518e+00   4.028421653960390536e+00   2.528805167909801699e-01   1.248226244792849382e+00
6.825494986049928103e-01   1.226787439574650307e+00   1.257899047248896895e+00   4.894389413339196970e+00   4.077552934361721171e+00   2.506517843126983003e-01   1.263801565410360039e+00
6.844908107382435825e-01   1.230877844504334462e+00   1.263883475494653519e+00   4.954180518247331300e+00   4.126370152288575177e+00   2.484523605812791747e-01   1.279805229504563879e+00
6.864321228714943546e-01   1.234817652445826752e+00   1.269631252178015757e+00   5.013833373734265741e+00   4.175094293444074900e+00   2.462821478899973326e-01   1.296248793187705584e+00
6.883734350047451267e-01   1.238614735843839298e+00   1.275155166637968351e+00   5.072921551786154559e+00   4.223717382392452535e+00   2.441620125995696000e-01   1.313140848887109691e+00
6.903147471379958988e-01   1.242276066090994391e+00   1.280466592952307359e+00   5.132288929517259568e+00   4.272046290092750276e+00   2.420510776286015076e-01   1.330495664709729242e+00
6.922560592712466709e-01   1.245807844165369715e+00   1.285575695235513516e+00   5.191553628534162357e+00   4.320460511782640012e+00   2.399682124668958139e-01   1.348323692178728939e+00
6.941973714044974431e-01   1.249215608469171457e+00   1.290491595934806668e+00   5.250529452123268825e+00   4.368747405478665691e+00   2.379218362376768481e-01   1.366635762197955462e+00
6.961386835377482152e-01   1.252504323046991885e+00   1.295222514968678018e+00   5.309311301983584030e+00   4.416996077963111667e+00   2.359071171018075896e-01   1.385445055502059875e+00
6.980799956709989873e-01   1.255678451548646990e+00   1.299775885662020958e+00   5.368412915264885399e+00   4.465284342176548016e+00   2.339012425773306925e-01   1.404767396825841397e+00
7.000213078042497594e-01   1.258742018577208910e+00   1.304158452037771587e+00   5.427688892459818781e+00   4.513587644475846261e+00   2.319112321131488741e-01   1.424607678765668295e+00
7.019626199375005315e-01   1.261698663185029545e+00   1.308376351006915073e+00   5.486915095446645907e+00   4.561855235448166290e+00   2.299468173349463462e-01   1.444983564893724592e+00
7.039039320707513037e-01   1.264551682063142835e+00   1.312435182225699215e+00   5.546156996695154717e+00   4.610388416230329689e+00   2.280050281332937634e-01   1.465908541506780960e+00
7.058452442040020758e-01   1.267304067937288892e+00   1.316340067813163150e+00   5.605464391399519464e+00   4.658742388896340181e+00   2.260836889592443555e-01   1.487392773186614559e+00
7.077865563372528479e-01   1.269958542376684818e+00   1.320095703668564768e+00   5.664878851032318252e+00   4.707440028674992227e+00   2.241810594317049932e-01   1.509452171689228406e+00
7.097278684705036200e-01   1.272517583251328688e+00   1.323706403776714779e+00   5.724448095255664448e+00   4.756244164677613462e+00   2.222952435023337614e-01   1.532098921654127865e+00
7.116691806037543921e-01   1.274983449696151183e+00   1.327176138671833483e+00   5.784194583999437533e+00   4.805001341991980368e+00   2.204254077522014299e-01   1.555349284327741444e+00
7.136104927370051643e-01   1.277358203136259140e+00   1.330508568924837709e+00   5.844162331986428427e+00   4.854013796682809634e+00   2.185699387823277495e-01   1.579218092468778201e+00
7.155518048702559364e-01   1.279643725539585830e+00   1.333707074453028829e+00   5.904358794782286424e+00   4.903373188302439623e+00   2.167286525118381768e-01   1.603717661417070950e+00
7.174931170035067085e-01   1.281841736127375730e+00   1.336774780259874618e+00   5.964821442419768971e+00   4.952790503616819606e+00   2.149002696059526818e-01   1.628866058945786843e+00
7.194344291367574806e-01   1.283953805490682498e+00   1.339714579113751913e+00   6.025546505055381807e+00   5.002304070180732865e+00   2.130850379153917951e-01   1.654679623204755146e+00
7.213757412700082527e-01   1.285981367741214854e+00   1.342529151605396764e+00   6.086560733271317858e+00   5.051947484889679707e+00   2.112821056251982799e-01   1.681170797346668966e+00
7.233170534032590249e-01   1.287925732947883262e+00   1.345220983939459547e+00   6.147852879540735671e+00   5.102174264863643671e+00   2.094919573033269256e-01   1.708361575540681576e+00
7.252583655365097970e-01   1.289788095829748960e+00   1.347792383757958179e+00   6.209433191506564143e+00   5.152589947060808306e+00   2.077143043577563686e-01   1.736265643624951727e+00
7.271996776697605691e-01   1.291569545200900393e+00   1.350245494266654855e+00   6.271286942753268256e+00   5.203205756318863173e+00   2.059496809810883455e-01   1.764902750883371008e+00
7.291409898030113412e-01   1.293271071791309623e+00   1.352582306864135386e+00   6.333400045396302858e+00   5.254048207101868151e+00   2.041985446239698576e-01   1.794289645262937327e+00
7.310823019362621134e-01   1.294893575434230115e+00   1.354804672465123705e+00   6.395758845629000433e+00   5.305142974180339088e+00   2.024612882831235139e-01   1.824444974554965571e+00
7.330236140695128855e-01   1.296437871615239601e+00   1.356914311686010288e+00   6.458314388683564999e+00   5.356516214347919913e+00   2.007393560596699156e-01   1.855393244039465372e+00
9.229939917866770704e-01   5.909699782222332942e-01   3.428790813029194418e-01   6.088962744292379270e+00   2.798099338359486321e+00   9.705593596810750678e-02   1.545317321432630120e+00
9.225764286503206346e-01   5.867728562094498557e-01   3.383309298632876660e-01   5.696548581811432754e+00   2.432180438765519703e+00   1.030049770984070578e-01   1.454283992640527101e+00
9.215325208094296006e-01   5.829428306634554247e-01   3.341774395607273185e-01   5.198219144633652533e+00   2.035177148135936864e+00   1.121427963007778639e-01   1.357100548874017987e+00
9.189227512072021264e-01   5.795389538258177708e-01   3.304794818827554437e-01   4.450857060855957670e+00   1.617340708847231578e+00   1.302083949005463925e-01   1.242013467551274619e+00
9.163129816049746523e-01   5.785717002561341360e-01   3.294256736289570275e-01   3.944151810171684591e+00   1.452468533341316981e+00   1.466910322173804737e-01   1.180313927256075424e+00
9.137032120027471782e-01   5.785693170096237736e-01   3.294231882137967915e-01   3.559077194172057368e+00   1.374144227337548818e+00   1.625616094972661685e-01   1.140397428418227221e+00
9.110934424005197041e-01   5.790955032255169499e-01   3.299999484131186378e-01   3.254753807874063654e+00   1.332053915074029593e+00   1.779229820161943032e-01   1.112370032359967009e+00
9.094080295599901165e-01   5.796205254854385203e-01   3.305767243392299104e-01   3.090610010433475274e+00   1.314796611924836878e+00   1.875424345125134284e-01   1.098382681441618880e+00
9.021425587295585080e-01   5.828849952577002114e-01   3.341816291598022071e-01   2.584569492103799604e+00   1.279944596292371894e+00   2.255249847367194749e-01   1.059162304911834385e+00
8.889056292630119760e-01   5.909535730824018174e-01   3.431939702302737039e-01   2.128837781294811826e+00   1.271901662810960287e+00   2.775944594157706002e-01   1.027128067799840894e+00
8.292248858398322264e-01   6.392402573058006965e-01   3.995213643654874081e-01   1.779171173583328214e+00   1.366032755971079649e+00   3.592910377579595083e-01   9.968122581085762102e-01
