# freq   mass   ang   radius99   radius95   compactness   kappa
6.408652717479025318e-01   1.036595934401361774e+00   9.710911483861127680e-01   3.184620764710150542e+00   2.675852003279610258e+00   3.255005889204229952e-01   1.002562697530978042e+00
6.408732233624003793e-01   1.038603854087455147e+00   9.742242471537368997e-01   3.196743823206631863e+00   2.685931201595262330e+00   3.248943023046615974e-01   1.003252800977398440e+00
6.408811749768982269e-01   1.039700716868651398e+00   9.759357370241853458e-01   3.203358629300488314e+00   2.691449867635089532e+00   3.245658189372599423e-01   1.003642958805712526e+00
6.410054189534263314e-01   1.047259375739713505e+00   9.877288599827549476e-01   3.249878051126640077e+00   2.730013070857696622e+00   3.222457456139495857e-01   1.006461237699248112e+00
6.417819438067265958e-01   1.065089193712310589e+00   1.015529700700061211e+00   3.364283411917694977e+00   2.824873624911715009e+00   3.165872381438853966e-01   1.014347186956544355e+00
6.437232559399773679e-01   1.087387094468908799e+00   1.050225714208308680e+00   3.518277461739555800e+00   2.952095364740666472e+00   3.090680329490749223e-01   1.027149465130692496e+00
6.456645680732281400e-01   1.102480668782277462e+00   1.073639196562833353e+00   3.630299731412167663e+00   3.044442300904014687e+00   3.036886070984056718e-01   1.038120208132848665e+00
6.476058802064789122e-01   1.114627427548953165e+00   1.092424545488167587e+00   3.725690678387604038e+00   3.122901755638232579e+00   2.991733677770960775e-01   1.048598616776656556e+00
6.495471923397296843e-01   1.125040042644968707e+00   1.108479624869101121e+00   3.811487124200523713e+00   3.193454599581943221e+00   2.951708889429741633e-01   1.058949742949178985e+00
6.514885044729804564e-01   1.134270132220649430e+00   1.122668831795982980e+00   3.891022399794317188e+00   3.258752205034653571e+00   2.915095354579834708e-01   1.069342798843166298e+00
6.534298166062312285e-01   1.142624086178557263e+00   1.135472919807426040e+00   3.966090997463225687e+00   3.320320748065788585e+00   2.880983030670243306e-01   1.079859550854302075e+00
6.553711287394820006e-01   1.150293012889051170e+00   1.147192171626946644e+00   4.037846322813465783e+00   3.379044303644528568e+00   2.848778583746488513e-01   1.090562744895918534e+00
6.573124408727327728e-01   1.157405618136749581e+00   1.158029116856675866e+00   4.106882875270041033e+00   3.435618803760605022e+00   2.818209462719694081e-01   1.101489004992192600e+00
6.592537530059835449e-01   1.164053459387901057e+00   1.168128054866836019e+00   4.173732649021876462e+00   3.490463271511893506e+00   2.788998618923757555e-01   1.112667090135499359e+00
6.611950651392343170e-01   1.170304401593853072e+00   1.177596122973125103e+00   4.238911394794556031e+00   3.543811065259163229e+00   2.760860731911036758e-01   1.124118652917198480e+00
6.631363772724850891e-01   1.176210385396757374e+00   1.186515465015814730e+00   4.302767124596420523e+00   3.596058140380495871e+00   2.733613861352258145e-01   1.135866468229247861e+00
6.650776894057358612e-01   1.181812196219539146e+00   1.194950706149799480e+00   4.365527818073985600e+00   3.647206941345780606e+00   2.707146181331492318e-01   1.147923401790151621e+00
6.670190015389866334e-01   1.187142539593992296e+00   1.202953774430711276e+00   4.427329379917924967e+00   3.697709997015505845e+00   2.681396475669492463e-01   1.160302390195929068e+00
6.689603136722374055e-01   1.192228104277091916e+00   1.210567137329094711e+00   4.488231742483263176e+00   3.747462794318621615e+00   2.656342570264547120e-01   1.173018686370170371e+00
6.709016258054881776e-01   1.197090993008373516e+00   1.217826047356256769e+00   4.548227275816519644e+00   3.796613396669429985e+00   2.631994666083317114e-01   1.186085356131165280e+00
6.728429379387389497e-01   1.201749743286427474e+00   1.224760144357257996e+00   4.607984602814302555e+00   3.845274027774427505e+00   2.607972566905855105e-01   1.199510668484305542e+00
6.747842500719897219e-01   1.206220072290875578e+00   1.231394626475260656e+00   4.667079767650155198e+00   3.893527736280710361e+00   2.584528511065495859e-01   1.213309838536565932e+00
6.767255622052404940e-01   1.210515432948682246e+00   1.237751123858488622e+00   4.725740750389083367e+00   3.941432875209087250e+00   2.561535845674600687e-01   1.227491255365198652e+00
6.786668743384912661e-01   1.214647436269387981e+00   1.243848362488904291e+00   4.784133989800110065e+00   3.989026010083070783e+00   2.538907645268810853e-01   1.242064764478475469e+00
6.806081864717420382e-01   1.218626176677503281e+00   1.249702676712702409e+00   4.842241276922225168e+00   4.036323643338519673e+00   2.516657281175533889e-01   1.257043692779815869e+00
6.825494986049928103e-01   1.222460487534362983e+00   1.255328410627788882e+00   4.899891836202501239e+00   4.083566987000509130e+00   2.494872393921639120e-01   1.272436717452371857e+00
6.844908107382435825e-01   1.226158142770941595e+00   1.260738236460275052e+00   4.957827137774711623e+00   4.130674315650487927e+00   2.473176471661524545e-01   1.288254543340479508e+00
6.864321228714943546e-01   1.229726019479585375e+00   1.265943410009687131e+00   5.015267824222824800e+00   4.177527259376811131e+00   2.451964805429201477e-01   1.304508804206806705e+00
6.883734350047451267e-01   1.233170228928315737e+00   1.270953977754865516e+00   5.072506332709148857e+00   4.224406784751032262e+00   2.431086622753801940e-01   1.321210132630310952e+00
6.903147471379958988e-01   1.236496224010807055e+00   1.275778946344485743e+00   5.130181556555097444e+00   4.271246735880555256e+00   2.410238722313583770e-01   1.338370071014429064e+00
6.922560592712466709e-01   1.239708888185191427e+00   1.280426422518974316e+00   5.187606480411742105e+00   4.317932469044938770e+00   2.389751213524575757e-01   1.355999405863170804e+00
6.941973714044974431e-01   1.242812608809344965e+00   1.284903729531583716e+00   5.244866921537660431e+00   4.364826139932127091e+00   2.369578918591482841e-01   1.374108034600212358e+00
6.961386835377482152e-01   1.245811339364990999e+00   1.289217504723958907e+00   5.302043110362893330e+00   4.411540132884742782e+00   2.349681648061368866e-01   1.392711184996864526e+00
6.980799956709989873e-01   1.248708650962498723e+00   1.293373781860107208e+00   5.359576965407702787e+00   4.458488386655308666e+00   2.329864202010782093e-01   1.411818869175027746e+00
7.000213078042497594e-01   1.251507776831317642e+00   1.297378061027766316e+00   5.417325207289091615e+00   4.505408041917162265e+00   2.310195029730530702e-01   1.431442611898362971e+00
8.766807119300700224e-01   1.180205260737920980e+00   1.222280967467414436e+00   1.347144967872891996e+01   1.110379677380099928e+01   8.760788845178521522e-02   9.351876102492026277e+00
8.786220240633207945e-01   1.175153860271166195e+00   1.216525502397074465e+00   1.363451172532118960e+01   1.124059990475657678e+01   8.618965489528616908e-02   9.617174632210749863e+00
8.805633361965715666e-01   1.169965829562329418e+00   1.210627407409859968e+00   1.379915377794217157e+01   1.137457407263319276e+01   8.478533165073569300e-02   9.892478192116294977e+00
8.825046483298223388e-01   1.164638382839143560e+00   1.204584150492412631e+00   1.397225281848472456e+01   1.151625510083967185e+01   8.335365799410486554e-02   1.017830093362062627e+01
8.844459604630731109e-01   1.159168624442600048e+00   1.198393092215164435e+00   1.414167337095146060e+01   1.165900180668392494e+01   8.196827872037115714e-02   1.047517775611173185e+01
8.863872725963238830e-01   1.153553543356451883e+00   1.192051479838174277e+00   1.432549370575907588e+01   1.180376120874364965e+01   8.052452271803414718e-02   1.078369046575069490e+01
8.883285847295746551e-01   1.147790006011405239e+00   1.185556440966467173e+00   1.449907081506979978e+01   1.195599815243053143e+01   7.916300435048807815e-02   1.110445333264407708e+01
8.902698968628254272e-01   1.141874749840326331e+00   1.178904976688306849e+00   1.469589527008983687e+01   1.210423955856033729e+01   7.770025091049427568e-02   1.143813121488941142e+01
8.922112089960761994e-01   1.135804375325164983e+00   1.172093954182911402e+00   1.487395361134625027e+01   1.226672666092835051e+01   7.636196837798008008e-02   1.178543236151792328e+01
8.941525211293269715e-01   1.129575337969754401e+00   1.165120098709641505e+00   1.508455680700617130e+01   1.242526756743801641e+01   7.488289861092319033e-02   1.214711741887962404e+01
8.960938332625777436e-01   1.123183939458272107e+00   1.157979984941235330e+00   1.527477832319929085e+01   1.259250939124390101e+01   7.353193059125338882e-02   1.252400721554606555e+01
8.980351453958285157e-01   1.116626318038015597e+00   1.150670027559659081e+00   1.549309300628358521e+01   1.276247676831738609e+01   7.207252403281524944e-02   1.291698230141706283e+01
8.999764575290792878e-01   1.109898437897072654e+00   1.143186471052066500e+00   1.569801465999473322e+01   1.293474583955812918e+01   7.070310876480255524e-02   1.332699162937758075e+01
9.019177696623300600e-01   1.102996078208548170e+00   1.135525378611610625e+00   1.592341093871855229e+01   1.311726341367291049e+01   6.926883206452703889e-02   1.375506236836309171e+01
9.038590817955808321e-01   1.095914820463008255e+00   1.127682620038061634e+00   1.614420392809277160e+01   1.329512781372784680e+01   6.788286528987598489e-02   1.420229998814298256e+01
9.058003939288316042e-01   1.088650035229079549e+00   1.119653858567066562e+00   1.637685727831776106e+01   1.349140519651917103e+01   6.647490521092860871e-02   1.466990331526266367e+01
9.077417060620823763e-01   1.081196867477615342e+00   1.111434536444871002e+00   1.661702829646749890e+01   1.368198393555378090e+01   6.506559706030347334e-02   1.515917884207043365e+01
9.096830181953331484e-01   1.073550220337210703e+00   1.103019859162028826e+00   1.685671955905017683e+01   1.388696852789617964e+01   6.368678179502808290e-02   1.567152803405586958e+01
9.116243303285839206e-01   1.065704737862347429e+00   1.094404778155446678e+00   1.711787451383592540e+01   1.409320211000028955e+01   6.225683784519897568e-02   1.620849379029561987e+01
9.135656424618346927e-01   1.057654785466525027e+00   1.085583971804959802e+00   1.736368636208110772e+01   1.430618861785897344e+01   6.091188031224959581e-02   1.677175413219460154e+01
9.155069545950854648e-01   1.049394428521168265e+00   1.076551824520881384e+00   1.765079130811166763e+01   1.452994871941757893e+01   5.945310950670548017e-02   1.736312915034305604e+01
9.174482667283362369e-01   1.040917409343364852e+00   1.067302403650095988e+00   1.790619542289293520e+01   1.475178832705641518e+01   5.813169044344058956e-02   1.798462514316650385e+01
9.193895788615870091e-01   1.032217120948985212e+00   1.057829433978023870e+00   1.821867409817249950e+01   1.499515739722834340e+01   5.665709345185147849e-02   1.863843319588529468e+01
9.213308909948377812e-01   1.023286578608349373e+00   1.048126269442535952e+00   1.849797519359441367e+01   1.523029204534189418e+01   5.531884262460785157e-02   1.932696600374164930e+01
9.232722031280885533e-01   1.014118387697976686e+00   1.038185861728681880e+00   1.882588258385973035e+01   1.549229396686299864e+01   5.386830514747954768e-02   2.005287340342153612e+01
9.252135152613393254e-01   1.004704708531107826e+00   1.028000725293270801e+00   1.913464221962339806e+01   1.575048414891443471e+01   5.250710710967670947e-02   2.081908749011654791e+01
9.271548273945900975e-01   9.950372167708110283e-01   1.017562898309542163e+00   1.947798502125509756e+01   1.602520989639341309e+01   5.108522342968175450e-02   2.162885261963771910e+01
9.290961395278408697e-01   9.851070588955509466e-01   1.006863898933330947e+00   1.981881492752815888e+01   1.630987384978926968e+01   4.970564902582777500e-02   2.248576222670969926e+01
9.310374516610916418e-01   9.749048027392746008e-01   9.958946761914787560e-01   2.017959271285046796e+01   1.659864825410540945e+01   4.831142117741803188e-02   2.339382144284586929e+01
9.329787637943424139e-01   9.644203815114451572e-01   9.846455546505918921e-01   2.056053891837634140e+01   1.691372117743567216e+01   4.690637659548298893e-02   2.435749788737438593e+01
9.349200759275931860e-01   9.536430301790234099e-01   9.731061718902455082e-01   2.094101147419118192e+01   1.721787872159442401e+01   4.553949227115146325e-02   2.538179014407953460e+01
9.368613880608439581e-01   9.425612143116950392e-01   9.612654075695794553e-01   2.136548830998251702e+01   1.756837145160417890e+01   4.411606234486602912e-02   2.647231044238623454e+01
9.388027001940947303e-01   9.311625479441545394e-01   9.491113026918440720e-01   2.176718966920865839e+01   1.791010790968817190e+01   4.277826224215589002e-02   2.763538922472293891e+01
9.407440123273455024e-01   9.194337007271542461e-01   9.366309673395619706e-01   2.224697138127575258e+01   1.828105945238681684e+01   4.132848849264035562e-02   2.887818096467205464e+01
9.426853244605962745e-01   9.073602907035365206e-01   9.238104747813203899e-01   2.267684832817507612e+01   1.866748509907538178e+01   4.001262775022301765e-02   3.020881272427724085e+01
9.446266365938470466e-01   8.949267614442534269e-01   9.106347394327374278e-01   2.321611988202304033e+01   1.906085130038806241e+01   3.854764560107319660e-02   3.163655382134342275e+01
9.465679487270978187e-01   8.821162389082247701e-01   8.970873755166633989e-01   2.367816884815380263e+01   1.950024717820219777e+01   3.725441120743607643e-02   3.317200910931876479e+01
9.485092608603485909e-01   8.689103660466344081e-01   8.831505325600144118e-01   2.429201077137130227e+01   1.992969468055022730e+01   3.576938830731399982e-02   3.482740489845231480e+01
9.504505729935993630e-01   8.552891079808659924e-01   8.688047029056147341e-01   2.481389631935585172e+01   2.042126897800905994e+01   3.446815030470267577e-02   3.661685836332294031e+01
9.523918851268501351e-01   8.412305241485001917e-01   8.540284951293993787e-01   2.549533295736188521e+01   2.092149163354330099e+01   3.299547119291851988e-02   3.855681011327532559e+01
9.543331972601009072e-01   8.267104977339840843e-01   8.387983657376075763e-01   2.608084947914762353e+01   2.144559236669734048e+01   3.169798968377017523e-02   4.066648439189918207e+01
9.562745093933516793e-01   8.117024129645641350e-01   8.230882992431202139e-01   2.685648426656139165e+01   2.203284487188092555e+01   3.022370333019362698e-02   4.296852615782317031e+01
9.582158215266024515e-01   7.961767684591906091e-01   8.068694239528623191e-01   2.752117003780178095e+01   2.261603851285858724e+01   2.892961190841812982e-02   4.548977919977611606e+01
9.601571336598532236e-01   7.801007091774181390e-01   7.901095468737687755e-01   2.841225084221369812e+01   2.328623472895311153e+01   2.745649098727433873e-02   4.826234072411401854e+01
9.620984457931039957e-01   7.634374540135695497e-01   7.727725858590206442e-01   2.916681029171937567e+01   2.399405492943302676e+01   2.617486953073898046e-02   5.132486457336498376e+01
9.640397579263547678e-01   7.461455922381219352e-01   7.548178697003262716e-01   3.021667944650633686e+01   2.471079453051337183e+01   2.469316966343208103e-02   5.472435493840077214e+01
9.659810700596055399e-01   7.281782065292645711e-01   7.361992664964772670e-01   3.114914417083283737e+01   2.557445102092883360e+01   2.337714970708921688e-02   5.851855697843776483e+01
9.679223821928563121e-01   7.094817686671602841e-01   7.168640857349717344e-01   3.233152574076293462e+01   2.647004538800003459e+01   2.194396188895781502e-02   6.277918424678481557e+01
9.698636943261070842e-01   6.899947316225052418e-01   6.967516775470342649e-01   3.351185442442996987e+01   2.740281119123919140e+01   2.058957176417854779e-02   6.759644411755782301e+01
9.718050064593578563e-01   6.696457079580114824e-01   6.757916202495258817e-01   3.486024825913939651e+01   2.853834325678167971e+01   1.920943600229378309e-02   7.308537444264507599e+01
9.737463185926086284e-01   6.483510756885380033e-01   6.539013373877682334e-01   3.641307582972075352e+01   2.975286620461555387e+01   1.780544655772657234e-02   7.939504771985600939e+01
9.756876307258594005e-01   6.260117744324134037e-01   6.309829076877703224e-01   3.789824190477695254e+01   3.104501550970088175e+01   1.651822730999842614e-02   8.672216239040277230e+01
9.776289428591101727e-01   6.025089286366664965e-01   6.069187056530792601e-01   4.001056117448995053e+01   3.258360080355663513e+01   1.505874726448015559e-02   9.533169117111907553e+01
9.795702549923609448e-01   5.776977237837854773e-01   5.815653007402424857e-01   4.212325421309768814e+01   3.438093048399348817e+01   1.371446092130644903e-02   1.055893470418746460e+02
9.809569065161115597e-01   5.590766557878623644e-01   5.625695249764122163e-01   4.391143252373289840e+01   3.575106969467855578e+01   1.273191566878846721e-02   1.142045990919060614e+02
9.823435580398621747e-01   5.396178295794697988e-01   5.427471749410963664e-01   4.580101643533347300e+01   3.734265873266618030e+01   1.178178720861701965e-02   1.241802642311779294e+02
9.837302095636127897e-01   5.192259045257969774e-01   5.220035961246540790e-01   4.817964443057693558e+01   3.918761511585397983e+01   1.077687290270397391e-02   1.358643513846766382e+02
9.851168610873634046e-01   4.977850084409283227e-01   5.002236734017355690e-01   5.067046930627209633e+01   4.104115902965853024e+01   9.823966804651472137e-03   1.497347447611670077e+02
9.865035126111140196e-01   4.751518982892549148e-01   4.772649991285334847e-01   5.366790634401643700e+01   4.360066716466248238e+01   8.853557566480898394e-03   1.664662706275536834e+02
9.874939779852215382e-01   4.581572586305355799e-01   4.600465571429064315e-01   5.591168651044056759e+01   4.542579273649064930e+01   8.194302251014775468e-03   1.806976045097848953e+02
9.884844433593290569e-01   4.403818148507525621e-01   4.420549841400898128e-01   5.918320053678205284e+01   4.777624682396045586e+01   7.440993573455993541e-03   1.973873597081414744e+02
9.894749087334365756e-01   4.217264272940610681e-01   4.231914564773487930e-01   6.159553401358622438e+01   5.015295302620613427e+01   6.846704619868060858e-03   2.172351134307585028e+02
9.904653741075440943e-01   4.020683274460452594e-01   4.033334082803317622e-01   6.626338862661404505e+01   5.323507344983279665e+01   6.067729643463456134e-03   2.412383788054459046e+02
7.815564174007821885e-01   1.299037109836604031e+00   1.363187547634374885e+00   8.143021934930837702e+00   6.732407825792032341e+00   1.595276446774839263e-01   2.947458049939026381e+00
7.834977295340329606e-01   1.298646049148601156e+00   1.362687911721210066e+00   8.218808759333537495e+00   6.795651627188930455e+00   1.580090360021843832e-01   3.007611795057287374e+00
7.854390416672837327e-01   1.298182844051439133e+00   1.362097546875910448e+00   8.297609942301242825e+00   6.859313520864245284e+00   1.564526234757431522e-01   3.069384842746959219e+00
7.873803538005345048e-01   1.297647032036365777e+00   1.361416312822951724e+00   8.376728739084883912e+00   6.923341336286715553e+00   1.549109530050423456e-01   3.132826514147077024e+00
7.893216659337852770e-01   1.297038123411880628e+00   1.360644035891525272e+00   8.454289811853247016e+00   6.988867342647599123e+00   1.534177503110175089e-01   3.197985236255613817e+00
7.912629780670360491e-01   1.296355601364666654e+00   1.359780509417966687e+00   8.536839661555722714e+00   7.055220096282240227e+00   1.518542754413667317e-01   3.264916903286835481e+00
7.932042902002868212e-01   1.295598921884334453e+00   1.358825494105118992e+00   8.617841664778513433e+00   7.121977430030860923e+00   1.503391420127272171e-01   3.333670613368193258e+00
7.951456023335375933e-01   1.294767514103455142e+00   1.357778718284775366e+00   8.699477213369668505e+00   7.189070659918939121e+00   1.488327956205931502e-01   3.404306666492146860e+00
7.970869144667883655e-01   1.293860779945589234e+00   1.356639878148604650e+00   8.784077366900794104e+00   7.257060182472032217e+00   1.472961502844880588e-01   3.476882647168175300e+00
7.990282266000391376e-01   1.292878093859485711e+00   1.355408637895697987e+00   8.866492097039795794e+00   7.326759418582268424e+00   1.458161897297727827e-01   3.551458450350931439e+00
8.009695387332899097e-01   1.291818802983925485e+00   1.354084629835123677e+00   8.953270076904651376e+00   7.396807459360154269e+00   1.442845789178446025e-01   3.628098044385117404e+00
8.029108508665406818e-01   1.290682226722879244e+00   1.352667454422661786e+00   9.039431878223206596e+00   7.467113041030225773e+00   1.427835558816751838e-01   3.706866893220161163e+00
8.048521629997914539e-01   1.289467656499368786e+00   1.351156680244432806e+00   9.125724933222240765e+00   7.538486955345275575e+00   1.413002984349283342e-01   3.787833273296731029e+00
8.067934751330422261e-01   1.288174355630985701e+00   1.349551843942639717e+00   9.215749328000461205e+00   7.611702297270275253e+00   1.397796651995612260e-01   3.871068061523661452e+00
8.087347872662929982e-01   1.286801558570800585e+00   1.347852450085888609e+00   9.302705288036815290e+00   7.685173510902850502e+00   1.383255213110550219e-01   3.956645994102608643e+00
8.106760993995437703e-01   1.285348470954090772e+00   1.346057970986975771e+00   9.395848192316057279e+00   7.758767416100845082e+00   1.367996209224890680e-01   4.044644478505677654e+00
8.126174115327945424e-01   1.283814268922355950e+00   1.344167846461270743e+00   9.486660101208373774e+00   7.834585859705790689e+00   1.353283721800919992e-01   4.135140890634558808e+00
8.145587236660453145e-01   1.282198098728827063e+00   1.342181483533499975e+00   9.580107900999275117e+00   7.911426786849408366e+00   1.338396301982240355e-01   4.228223622869007770e+00
8.165000357992960867e-01   1.280499076048158713e+00   1.340098256082274952e+00   9.674952773852812271e+00   7.988343512425434945e+00   1.323519717335251977e-01   4.323977502586784816e+00
8.184413479325468588e-01   1.278716285494624572e+00   1.337917504438527638e+00   9.768798447005913488e+00   8.066324722752728604e+00   1.308980108896140304e-01   4.422493852265540148e+00
8.203826600657976309e-01   1.276848780067325606e+00   1.335638534914699083e+00   9.867828555249827716e+00   8.146741060581097926e+00   1.293951118950099344e-01   4.523867136687118595e+00
8.223239721990484030e-01   1.274895580295946962e+00   1.333260619286077420e+00   9.962469665386239015e+00   8.227163466993903995e+00   1.279698330952478980e-01   4.628198542834792484e+00
8.242652843322991751e-01   1.272855673434946766e+00   1.330782994205607528e+00   1.006573521231270441e+01   8.307830590811345672e+00   1.264543172045646535e-01   4.735588990708101242e+00
8.262065964655499473e-01   1.270728013071789064e+00   1.328204860554633715e+00   1.016404975407441569e+01   8.392027056343595248e+00   1.250218214016906304e-01   4.846150098464967471e+00
8.281479085988007194e-01   1.268511517598199134e+00   1.325525382743856673e+00   1.026907824373975586e+01   8.476129492473495119e+00   1.235273008433361713e-01   4.959993661797609477e+00
8.300892207320514915e-01   1.266205069866487065e+00   1.322743687934239576e+00   1.037160897171902008e+01   8.560068830366025949e+00   1.220837647581137636e-01   5.077238577362432004e+00
8.320305328653022636e-01   1.263807516025394762e+00   1.319858865194073916e+00   1.047820802863559031e+01   8.648244672141474965e+00   1.206129437945469285e-01   5.198007059749740755e+00
8.339718449985530357e-01   1.261317664410739781e+00   1.316869964594005404e+00   1.058498924916265338e+01   8.736185840578839290e+00   1.191609773727941024e-01   5.322433833798720926e+00
8.359131571318038079e-01   1.258734284274737547e+00   1.313775996220055031e+00   1.069369546161108708e+01   8.824066096873686149e+00   1.177080728353844113e-01   5.450650552617711142e+00
8.378544692650545800e-01   1.256056104937215423e+00   1.310575929107792525e+00   1.080486635464850664e+01   8.916407951226510420e+00   1.162491106978690847e-01   5.582799621961974879e+00
8.397957813983053521e-01   1.253281814252318327e+00   1.307268690108273512e+00   1.091581098379757897e+01   9.008320122777673689e+00   1.148134404408956838e-01   5.719032943026861382e+00
8.417370935315561242e-01   1.250410057320777923e+00   1.303853162656127385e+00   1.103150466139202912e+01   9.100916607051704688e+00   1.133490032141266229e-01   5.859507990921022369e+00
8.436784056648068963e-01   1.247439435174442224e+00   1.300328185461216313e+00   1.114529668320520805e+01   9.197587565831593537e+00   1.119251887708115067e-01   6.004389416118583789e+00
8.456197177980576685e-01   1.244368502844849900e+00   1.296692551095922630e+00   1.126555917320159317e+01   9.293560583785190232e+00   1.104577663401690724e-01   6.153848764797453796e+00
8.475610299313084406e-01   1.241195768185093584e+00   1.292945004495358763e+00   1.138236332186858490e+01   9.391786247168553814e+00   1.090455235952996066e-01   6.308068840592397919e+00
8.495023420645592127e-01   1.237919690055264255e+00   1.289084241339374159e+00   1.150740266414794277e+01   9.492909456486778197e+00   1.075759427374591709e-01   6.467244061442007030e+00
8.514436541978099848e-01   1.234538676033480442e+00   1.285108906331843936e+00   1.162792974360125697e+01   9.592967218174427657e+00   1.061701182631272500e-01   6.631570810951167516e+00
8.533849663310607569e-01   1.231051081080750009e+00   1.281017591369774777e+00   1.175771024228223993e+01   9.697913165770692956e+00   1.047016005424025314e-01   6.801267448772391866e+00
8.553262784643115291e-01   1.227455204998136651e+00   1.276808833569644808e+00   1.188217292688568172e+01   9.803547448512134110e+00   1.033022505690676524e-01   6.976552318526100471e+00
8.572675905975623012e-01   1.223749290539899448e+00   1.272481113172823530e+00   1.201694140847989267e+01   9.909079279246643779e+00   1.018353380400395941e-01   7.157664916467324723e+00
8.592089027308130733e-01   1.219931520721388551e+00   1.268032851301486019e+00   1.214619215020566756e+01   1.002060266066706973e+01   1.004373638779238187e-01   7.344853416330646922e+00
8.611502148640638454e-01   1.216000016370912817e+00   1.263462407570625334e+00   1.228584784034871369e+01   1.013070638938814838e+01   9.897566958117223757e-02   7.538381420708873293e+00
8.630915269973146176e-01   1.211952833754253334e+00   1.258768077529023532e+00   1.242016644498130518e+01   1.024469506714921430e+01   9.757943576061935131e-02   7.738525095699632317e+00
8.650328391305653897e-01   1.207787961340500260e+00   1.253948089917371833e+00   1.256493838060325707e+01   1.036121285493011968e+01   9.612366768188743138e-02   7.945582281208051434e+00
8.669741512638161618e-01   1.203503316899855236e+00   1.249000603763338990e+00   1.270537439060595375e+01   1.047640352735428948e+01   9.472395538298315765e-02   8.159860681025326912e+00
8.689154633970669339e-01   1.199096744410780957e+00   1.243923705241940736e+00   1.285512315417412665e+01   1.059975794291855777e+01   9.327773293415923817e-02   8.381693177015055340e+00
8.708567755303177060e-01   1.194566010176686177e+00   1.238715404343584625e+00   1.300204968054525523e+01   1.072112556716474607e+01   9.187520733474006940e-02   8.611426844061469410e+00
8.727980876635684782e-01   1.189908799562431341e+00   1.233373631287300043e+00   1.315689631188773490e+01   1.084702557671032430e+01   9.043993137555590700e-02   8.849434891494144750e+00
8.747393997968192503e-01   1.185122712824068003e+00   1.227896232692212930e+00   1.331163915811421106e+01   1.097585427602093588e+01   8.902905936281088617e-02   9.096111125296959088e+00
8.766807119300700224e-01   1.180205260668913070e+00   1.222280967467668678e+00   1.347144967871535393e+01   1.110379677379154728e+01   8.760788844675090892e-02   9.351874735974174513e+00
8.786220240633207945e-01   1.175153860245472970e+00   1.216525502396008873e+00   1.363451172531500433e+01   1.124059990475088711e+01   8.618965489344085351e-02   9.617173133405220398e+00
8.805633361965715666e-01   1.169965829556190329e+00   1.210627407409549328e+00   1.379915377792025666e+01   1.137457407261674014e+01   8.478533165042545505e-02   9.892478892181415517e+00
8.825046483298223388e-01   1.164638382822772655e+00   1.204584150491819994e+00   1.397225281847161682e+01   1.151625510083001735e+01   8.335365799301139300e-02   1.017830112046011592e+01
8.844459604630731109e-01   1.159168624379276480e+00   1.198393092215267464e+00   1.414167337093854648e+01   1.165900180667361674e+01   8.196827871596820692e-02   1.047517557027032353e+01
8.863872725963238830e-01   1.153553543356338196e+00   1.192051479838198258e+00   1.432549370576561820e+01   1.180376120874901780e+01   8.052452271798943295e-02   1.078369069277117553e+01
8.883285847295746551e-01   1.147790006036871091e+00   1.185556440966724523e+00   1.449907081505527096e+01   1.195599815242100661e+01   7.916300435232377641e-02   1.110445197740373402e+01
8.902698968628254272e-01   1.141874749812245682e+00   1.178904976687995321e+00   1.469589527006607277e+01   1.210423955854238542e+01   7.770025090870913420e-02   1.143813006606545635e+01
8.922112089960761994e-01   1.135804375282759793e+00   1.172093954182971354e+00   1.487395361127681426e+01   1.226672666086619934e+01   7.636196837548558936e-02   1.178543022390155315e+01
8.941525211293269715e-01   1.129575337932692491e+00   1.165120098710277663e+00   1.508455680698781087e+01   1.242526756742251237e+01   7.488289860855738833e-02   1.214711692088832962e+01
8.960938332625777436e-01   1.123183939517389263e+00   1.157979984941593710e+00   1.527477832320722761e+01   1.259250939125051438e+01   7.353193059508543461e-02   1.252400690168345498e+01
8.980351453958285157e-01   1.116626318016756159e+00   1.150670027559242969e+00   1.549309300625103702e+01   1.276247676829144950e+01   7.207252403159447596e-02   1.291698143214614980e+01
8.999764575290792878e-01   1.109898437880815436e+00   1.143186471052823450e+00   1.569801465987225697e+01   1.293474583944898626e+01   7.070310876431856739e-02   1.332699048492938587e+01
6.961386835377482152e-01   1.245811339382385086e+00   1.289217504723898067e+00   5.302043110358171774e+00   4.411540132881640375e+00   2.349681648096267894e-01   1.392712056162831002e+00
6.980799956709989873e-01   1.248708650993307856e+00   1.293373781860190253e+00   5.359576965406451343e+00   4.458488386654570590e+00   2.329864202068810397e-01   1.411818790994527451e+00
7.000213078042497594e-01   1.251507776807329719e+00   1.297378061027542495e+00   5.417325207309989565e+00   4.505408041927654317e+00   2.310195029677338807e-01   1.431442282378579733e+00
7.019626199375005315e-01   1.254211650084585017e+00   1.301235368331144171e+00   5.475096395478228573e+00   4.552353107244739405e+00   2.290757202230107037e-01   1.451594627423989037e+00
7.039039320707513037e-01   1.256822935898640026e+00   1.304950307142328736e+00   5.532948000316124215e+00   4.599621138486075900e+00   2.271524937206768624e-01   1.472288385547235734e+00
7.058452442040020758e-01   1.259344059479985845e+00   1.308527102310215851e+00   5.590916784234766901e+00   4.646784548372550283e+00   2.252482210128894380e-01   1.493539784981377627e+00
7.077865563372528479e-01   1.261777230229768065e+00   1.311969638502465507e+00   5.649040584623353567e+00   4.694161723943963693e+00   2.233613321285593811e-01   1.515356480649544091e+00
7.097278684705036200e-01   1.264124462582572050e+00   1.315281493568786431e+00   5.707353569977176022e+00   4.741854344570573865e+00   2.214904766426845639e-01   1.537757477447786902e+00
7.116691806037543921e-01   1.266387594674597494e+00   1.318465967716705434e+00   5.765878079582695825e+00   4.789556141370750808e+00   2.196348200907938808e-01   1.560752965872729492e+00
7.136104927370051643e-01   1.268568304179211736e+00   1.321526109120036541e+00   5.824643388951453282e+00   4.837308696218408421e+00   2.177932998585820901e-01   1.584362078014776243e+00
7.155518048702559364e-01   1.270668122346364726e+00   1.324464736458389469e+00   5.883660070424691746e+00   4.885545982301549017e+00   2.159655906590548236e-01   1.608592540039299523e+00
7.174931170035067085e-01   1.272688447063273998e+00   1.327284458855552574e+00   5.942949053238618440e+00   4.933999116787084027e+00   2.141509940035108694e-01   1.633468313960863671e+00
7.194344291367574806e-01   1.274630553211523187e+00   1.329987693537143301e+00   6.002512755819161328e+00   4.982584492036479240e+00   2.123494951303230849e-01   1.658999423389528882e+00
7.213757412700082527e-01   1.276495603002331336e+00   1.332576681545693420e+00   6.062358960692983523e+00   5.031334051877336400e+00   2.105608742865361649e-01   1.685203907977917304e+00
7.233170534032590249e-01   1.278284654519097785e+00   1.335053501745438576e+00   6.122485687039367797e+00   5.080279747098254362e+00   2.087852417891456758e-01   1.712098010474276233e+00
7.252583655365097970e-01   1.279998669592487204e+00   1.337420083349280642e+00   6.182881093167925890e+00   5.129575449491801997e+00   2.070230124604666433e-01   1.739698163273474041e+00
7.271996776697605691e-01   1.281638520698493267e+00   1.339678217145424011e+00   6.243542961097495514e+00   5.179331751562261665e+00   2.052742375097240668e-01   1.768025010247909812e+00
7.291409898030113412e-01   1.283204997212692433e+00   1.341829565580733963e+00   6.304431175294610057e+00   5.229333320306467137e+00   2.035401706408076494e-01   1.797093501786333869e+00
7.310823019362621134e-01   1.284698811344242131e+00   1.343875671846515019e+00   6.365683723078633172e+00   5.279606853293765667e+00   2.018163118419781799e-01   1.826923447224910069e+00
7.330236140695128855e-01   1.286120602823871195e+00   1.345817968070617709e+00   6.427958670487318393e+00   5.330171962959397547e+00   2.000822763109594560e-01   1.857532729109398595e+00
7.349649262027636576e-01   1.287470943690664171e+00   1.347657782726860543e+00   6.490557488749018944e+00   5.381049982368720563e+00   1.983606101513492037e-01   1.888945253893352660e+00
7.369062383360144297e-01   1.288750342281786976e+00   1.349396347344848257e+00   6.553418418509417975e+00   5.432259869245157802e+00   1.966531449665798736e-01   1.921176649688819849e+00
7.388475504692652018e-01   1.289959247311685431e+00   1.351034802596629669e+00   6.616506599794194976e+00   5.483818419585466231e+00   1.949607739153179919e-01   1.954251234463168840e+00
7.407888626025159740e-01   1.291098050765754346e+00   1.352574203827964228e+00   6.679770147367955602e+00   5.535743384467638251e+00   1.932848020638088249e-01   1.988190013588583716e+00
7.427301747357667461e-01   1.292167091294345482e+00   1.354015526090270205e+00   6.743121818319703920e+00   5.588047702244739234e+00   1.916274280829077803e-01   2.023015516265707081e+00
7.446714868690175182e-01   1.293166656949210847e+00   1.355359668726159317e+00   6.808283642397614521e+00   5.640747197382308897e+00   1.899401853495351067e-01   2.058749811071621583e+00
7.466127990022682903e-01   1.294096987630268814e+00   1.356607459554658002e+00   6.873620985314834009e+00   5.693851509451486770e+00   1.882700530615589452e-01   2.095416142513206736e+00
7.485541111355190624e-01   1.294958277597061169e+00   1.357759658688110438e+00   6.939072690659298104e+00   5.747373610821980172e+00   1.866183473391491432e-01   2.133042694655229887e+00
7.504954232687698346e-01   1.295750677179171362e+00   1.358816962021725860e+00   7.004541204760829309e+00   5.801320303598889616e+00   1.849872303268740581e-01   2.171653033441641512e+00
7.524367354020206067e-01   1.296474295039729441e+00   1.359780004431098144e+00   7.070805321358862194e+00   5.855700520495376260e+00   1.833559596278877546e-01   2.211270474537071706e+00
7.543780475352713788e-01   1.297129199795335808e+00   1.360649362691218389e+00   7.138553120887305425e+00   5.910518610863676692e+00   1.817075782485885194e-01   2.251925698388548280e+00
7.563193596685221509e-01   1.297715421406110181e+00   1.361425558155396676e+00   7.206269146798916836e+00   5.965777938010723425e+00   1.800814533804313833e-01   2.293644712293070764e+00
7.582606718017729230e-01   1.298232952978764621e+00   1.362109059203173489e+00   7.273813062811834484e+00   6.021480727355155160e+00   1.784803846026952467e-01   2.336458743392163750e+00
7.602019839350236952e-01   1.298681751623803393e+00   1.362700283491906195e+00   7.342441493852933654e+00   6.077622789343642751e+00   1.768732856381702578e-01   2.380395026236162170e+00
7.621432960682744673e-01   1.299061739957664940e+00   1.363199600007279022e+00   7.412542578651676983e+00   6.134204521429317936e+00   1.752518418847262838e-01   2.425485860774825309e+00
7.640846082015252394e-01   1.299372807043368994e+00   1.363607330951018382e+00   7.482403339416152654e+00   6.191211590954019073e+00   1.736571457192734314e-01   2.471762258342267149e+00
7.660259203347760115e-01   1.299614809232252810e+00   1.363923753465761335e+00   7.551825672344834928e+00   6.249188988335088624e+00   1.720927979033609889e-01   2.519258391283308196e+00
7.679672324680267836e-01   1.299787571244451101e+00   1.364149101209570336e+00   7.624139506418424972e+00   6.307711967717466450e+00   1.704831830726887265e-01   2.568006864349341445e+00
7.699085446012775558e-01   1.299890886905472831e+00   1.364283565799409903e+00   7.696378040514589181e+00   6.366729821726102578e+00   1.688964445434856521e-01   2.618043346998632614e+00
7.718498567345283279e-01   1.299924519497608122e+00   1.364327298122877119e+00   7.768001251745431546e+00   6.426224244208038172e+00   1.673435002608324451e-01   2.669404402698788203e+00
7.737911688677791000e-01   1.299888202988199737e+00   1.364280409537683258e+00   7.841769381819481133e+00   6.486179645882636180e+00   1.657646558698712969e-01   2.722129937864485427e+00
7.757324810010298721e-01   1.299781641955064515e+00   1.364142972952981925e+00   7.916393887536949947e+00   6.546575042392145605e+00   1.641886015804942811e-01   2.776256787376296664e+00
7.776737931342806442e-01   1.299604512224391328e+00   1.363915023818804917e+00   7.990167908931205432e+00   6.607376211377940400e+00   1.626504632989911048e-01   2.831825213512719763e+00
7.796151052675314164e-01   1.299356461638581095e+00   1.363596561012774933e+00   8.066072588591987724e+00   6.669624415624169522e+00   1.610891108860448007e-01   2.888877794417751943e+00
7.815564174007821885e-01   1.299037109882533514e+00   1.363187547633644137e+00   8.143021934932040296e+00   6.732407825793466749e+00   1.595276446831006834e-01   2.947457837715134144e+00
7.834977295340329606e-01   1.298646049145759207e+00   1.362687911721327527e+00   8.218808759325197499e+00   6.795651627183889154e+00   1.580090360019989204e-01   3.007612115545889697e+00
7.854390416672837327e-01   1.298182844056896101e+00   1.362097546875214560e+00   8.297609942304184472e+00   6.859313520866674452e+00   1.564526234763453372e-01   3.069384744633965934e+00
7.873803538005345048e-01   1.297647032021927771e+00   1.361416312823741759e+00   8.376728739076812147e+00   6.923341336281814584e+00   1.549109530034680215e-01   3.132825778225989843e+00
7.893216659337852770e-01   1.297038123397555864e+00   1.360644035891169557e+00   8.454289811861141146e+00   6.988867342653470871e+00   1.534177503091798678e-01   3.197985329385500730e+00
7.912629780670360491e-01   1.296355601320328788e+00   1.359780509418233585e+00   8.536839661549295855e+00   7.055220096277190933e+00   1.518542754362873781e-01   3.264915876713295528e+00
7.932042902002868212e-01   1.295598921849318685e+00   1.358825494105300402e+00   8.617841664770438115e+00   7.121977430025025591e+00   1.503391420088049102e-01   3.333670581979143677e+00
7.951456023335375933e-01   1.294767514175646284e+00   1.357778718284423203e+00   8.699477213385693020e+00   7.189070659931164897e+00   1.488327956286173703e-01   3.404307407050509493e+00
7.970869144667883655e-01   1.293860779943884376e+00   1.356639878148377276e+00   8.784077366898436878e+00   7.257060182470353560e+00   1.472961502843334602e-01   3.476882137493223279e+00
7.990282266000391376e-01   1.292878093813101259e+00   1.355408637895276325e+00   8.866492097016088536e+00   7.326759418565683468e+00   1.458161897249312111e-01   3.551457082597828219e+00
8.009695387332899097e-01   1.291818803018259132e+00   1.354084629835571318e+00   8.953270076896904683e+00   7.396807459355031256e+00   1.442845789218041574e-01   3.628097325526791650e+00
8.029108508665406818e-01   1.290682226764488405e+00   1.352667454422636695e+00   9.039431878241813934e+00   7.467113041043736743e+00   1.427835558859843479e-01   3.706867593329528088e+00
8.048521629997914539e-01   1.289467656544957208e+00   1.351156680245109820e+00   9.125724933215831669e+00   7.538486955340631290e+00   1.413002984400231477e-01   3.787832777814308383e+00
8.067934751330422261e-01   1.288174355664409632e+00   1.349551843942468743e+00   9.215749328006861418e+00   7.611702297274876017e+00   1.397796652030909859e-01   3.871068550434390687e+00
8.087347872662929982e-01   1.286801558546926350e+00   1.347852450084897180e+00   9.302705288038614739e+00   7.685173510903350547e+00   1.383255213084619017e-01   3.956645768261581431e+00
8.106760993995437703e-01   1.285348470951589661e+00   1.346057970986433983e+00   9.395848192316444525e+00   7.758767416101108871e+00   1.367996209222172299e-01   4.044643803667035797e+00
8.126174115327945424e-01   1.283814268900982825e+00   1.344167846461229665e+00   9.486660101207252893e+00   7.834585859705135213e+00   1.353283721778550108e-01   4.135141410482151336e+00
8.145587236660453145e-01   1.282198098725985114e+00   1.342181483533437802e+00   9.580107900985922242e+00   7.911426786839006908e+00   1.338396301981139014e-01   4.228223924680746926e+00
8.165000357992960867e-01   1.280499076082264986e+00   1.340098256082010941e+00   9.674952773874908374e+00   7.988343512441432814e+00   1.323519717367481474e-01   4.323978571505786128e+00
8.184413479325468588e-01   1.278716285523614493e+00   1.337917504438380645e+00   9.768798446970993865e+00   8.066324722725944696e+00   1.308980108930495323e-01   4.422494434068697799e+00
8.203826600657976309e-01   1.276848780042996623e+00   1.335638534914650455e+00   9.867828555247399436e+00   8.146741060578596816e+00   1.293951118925762700e-01   4.523867154356430831e+00
9.191797735657349921e-01   5.774641062465661889e-01   3.283496337736016568e-01   4.313533260315576712e+00   1.535261150969851940e+00   1.338726448591981144e-01   1.226003327316029123e+00
9.140289773758789593e-01   5.768393111438854248e-01   3.276696052098152512e-01   3.455456163974532924e+00   1.339291405948073610e+00   1.669357919101464305e-01   1.132699653367145620e+00
9.088781811860229265e-01   5.783036743854381712e-01   3.292767610195552197e-01   2.923217530184401891e+00   1.285393490288907481e+00   1.978312145483602513e-01   1.087058796190121024e+00
9.012987645340910792e-01   5.819395733366263812e-01   3.332947405712298194e-01   2.448095138723628938e+00   1.261414770323442180e+00   2.377111755714012287e-01   1.051686132280774677e+00
8.869314142033402071e-01   5.909185437529913543e-01   3.433397621862590010e-01   2.025591040484039596e+00   1.260762595142475240e+00   2.917264797990932190e-01   1.022254042135561480e+00
8.577810294218358722e-01   6.128139919476325304e-01   3.684523981418040828e-01   1.780926593101106459e+00   1.299720937607196314e+00   3.440984004178110345e-01   1.003059557380802325e+00
8.180305131685575715e-01   6.478553754171799683e-01   4.103068473385832471e-01   1.752957979407124167e+00   1.379443683699431711e+00   3.695783829549034727e-01   9.950321987774338739e-01
7.853511580083163413e-01   6.813894928166064346e-01   4.521613203799255687e-01   1.805969290292237517e+00   1.461692585029965796e+00   3.772984936561937230e-01   9.917258469466715409e-01
7.579824739333176353e-01   7.136714054566937193e-01   4.940158088691600224e-01   1.881168443668654655e+00   1.544593863961807978e+00   3.793766623391214288e-01   9.895436168799676135e-01
7.348740289256017189e-01   7.448999339932242947e-01   5.358703116746110773e-01   1.966207503352266350e+00   1.628177827334211347e+00   3.788511297628629482e-01   9.878167231691363792e-01
7.152955012949492319e-01   7.752372704211438759e-01   5.777248294115838734e-01   2.057236240896820334e+00   1.712808063187940544e+00   3.768343445491662558e-01   9.863583736345408193e-01
7.039341620702058711e-01   7.950350748966457104e-01   6.056278500493530448e-01   2.120546059084578161e+00   1.770056295203871866e+00   3.749199747351187884e-01   9.855228664090170954e-01
6.937773605273620525e-01   8.145329215818718493e-01   6.335308781711076476e-01   2.185784834686566480e+00   1.828124523228020770e+00   3.726500928435039772e-01   9.847986915667760188e-01
6.847218229699151282e-01   8.337629375763526696e-01   6.614339147047092471e-01   2.252937554645571439e+00   1.887187786647440912e+00   3.700781390310300956e-01   9.842116305365873341e-01
6.766811148152560573e-01   8.527546100989411570e-01   6.893369596290067625e-01   2.322100552727144329e+00   1.947441360510112407e+00   3.672341445754537248e-01   9.837853236351100650e-01
6.695827325375711681e-01   8.715352155317077631e-01   7.172400138648211687e-01   2.393405770467647020e+00   2.009046527133244719e+00   3.641401831171396930e-01   9.835542180214155161e-01
6.653435372775980960e-01   8.839509800624227864e-01   7.358420554479782050e-01   2.442160046292061626e+00   2.050983410728884238e+00   3.619545661655254598e-01   9.835305276172932043e-01
6.614804255113028164e-01   8.962914041480871674e-01   7.544441015767658909e-01   2.492063025615071314e+00   2.093679818907108192e+00   3.596584014671425078e-01   9.836300863135658545e-01
6.579796770451904475e-01   9.085633534892849639e-01   7.730461524110802118e-01   2.543077949694730666e+00   2.137203212072070091e+00   3.572691720276793825e-01   9.838645729795553185e-01
6.548291949179410043e-01   9.207734541122363225e-01   7.916482082777313023e-01   2.595324732066876638e+00   2.181625464825841743e+00   3.547815973606303630e-01   9.842666259294544640e-01
6.520183769929678297e-01   9.329281205460802084e-01   8.102502691351690656e-01   2.648924990182432992e+00   2.227057986053657679e+00   3.521912187033385822e-01   9.848444104067048954e-01
6.503285959552403961e-01   9.410035186108416383e-01   8.226516459626758149e-01   2.685391008536395230e+00   2.257916137412667723e+00   3.504158298063684840e-01   9.853471849937108784e-01
6.487832488517394358e-01   9.490588577079961397e-01   8.350530252522666563e-01   2.722572546506364599e+00   2.289305891405057913e+00   3.485890059847401301e-01   9.859498959951329411e-01
6.473801772223051199e-01   9.570959153746798620e-01   8.474544071547563950e-01   2.760419843415799601e+00   2.321220491934478325e+00   3.467211401401715243e-01   9.866628323128306954e-01
6.461174623639358572e-01   9.651164437433408239e-01   8.598557914619919806e-01   2.798982713704044389e+00   2.353689309917191608e+00   3.448097192662366584e-01   9.874973033954336232e-01
6.449934189059184364e-01   9.731221728951596761e-01   8.722571785049892945e-01   2.838354227378525163e+00   2.386743670381641369e+00   3.428473315657733500e-01   9.884611459229912800e-01
6.443203677405722196e-01   9.784519492353637160e-01   8.805247713511162866e-01   2.865010011529670830e+00   2.409121494027431254e+00   3.415178115600908670e-01   9.891836690605128046e-01
6.437079205316602604e-01   9.837764111881597273e-01   8.887923653950374758e-01   2.892044860312256382e+00   2.431784497932627076e+00   3.401663731737344376e-01   9.899730242055959639e-01
6.431557458607364275e-01   9.890960585263428584e-01   8.970599606957435634e-01   2.919505747866430578e+00   2.454761796500425586e+00   3.387888717976227371e-01   9.908345272934810932e-01
6.426635563936804463e-01   9.944113882023657425e-01   9.053275571750684092e-01   2.947285294659764077e+00   2.478058597641084049e+00   3.373990940083596568e-01   9.917745007313364392e-01
6.422311089659763494e-01   9.997228952103114352e-01   9.135951550584628933e-01   2.975554232133171606e+00   2.501675286695080658e+00   3.359787176500598216e-01   9.927940712854111949e-01
6.419759007850504018e-01   1.003262019656744997e+00   9.191068876775990715e-01   2.994600691700344708e+00   2.517600118078878069e+00   3.350236385229342084e-01   9.935195143204536006e-01
6.417471075611865805e-01   1.006799810059533229e+00   9.246186208712071641e-01   3.013835060831570267e+00   2.533660945933731590e+00   3.340593594998325644e-01   9.942847776427654605e-01
6.415446903123164235e-01   1.010336411881326057e+00   9.301303546687184065e-01   3.033263136597441179e+00   2.549917519709257618e+00   3.330856461779539424e-01   9.950955176834296312e-01
6.413686190854641644e-01   1.013871970381387655e+00   9.356420890649088662e-01   3.052946768734519978e+00   2.566285371609372312e+00   3.320961835183417477e-01   9.959448902295451322e-01
6.417471075519013413e-01   1.006799810097845693e+00   9.246186209024761515e-01   3.013835060981139069e+00   2.533660946045964035e+00   3.340593594959662682e-01   9.942852739628198488e-01
6.415446903128459999e-01   1.010336411876892271e+00   9.301303546937715883e-01   3.033263136676314531e+00   2.549917519779499653e+00   3.330856461678310398e-01   9.950926575663630036e-01
6.413686190641306739e-01   1.013871970377635989e+00   9.356420890452832317e-01   3.052946768636380703e+00   2.566285371539248406e+00   3.320961835277883578e-01   9.959442871395558505e-01
6.412188729166663492e-01   1.017406630638674869e+00   9.411538240136611000e-01   3.072836195056700248e+00   2.582867805708308762e+00   3.310969300203461252e-01   9.968403328539673369e-01
6.410954400855471969e-01   1.020940537759315703e+00   9.466655596089631475e-01   3.092934229105985811e+00   2.599592361205382840e+00   3.300880206736304112e-01   9.977812218910355746e-01
6.409983180879077480e-01   1.024473836903212032e+00   9.521772959148342430e-01   3.113247051977686919e+00   2.616483470972255532e+00   3.290692385791921248e-01   9.987729536556422261e-01
6.409481902705549405e-01   1.026829103373529506e+00   9.558517871174925240e-01   3.126856734467585053e+00   2.627842758948997659e+00   3.283901983914748746e-01   9.994588053933308736e-01
6.409097635550390359e-01   1.029184207018602137e+00   9.595262784752527363e-01   3.140632382356033148e+00   2.639280820993380239e+00   3.276996737346670185e-01   1.000169423713207495e+00
6.408830441902525488e-01   1.031539191004071654e+00   9.632007703045935010e-01   3.154535440775660504e+00   2.650813274212381554e+00   3.270019343166514214e-01   1.000902590219666877e+00
6.408680405675633018e-01   1.033894097981033156e+00   9.668752622317059453e-01   3.168492985330826794e+00   2.662434670080581878e+00   3.263046826259843325e-01   1.001663544327733302e+00
6.408647628445747202e-01   1.036248971339887248e+00   9.705497545170166385e-01   3.182504315273380957e+00   2.674140372476499827e+00   3.256080333863968779e-01   1.002446980242875263e+00
6.408652717479025318e-01   1.036595934389765716e+00   9.710911483732777016e-01   3.184620764693380846e+00   2.675852003254320266e+00   3.255005889184957590e-01   1.002564961647717023e+00
6.408732233624003793e-01   1.038603854122243320e+00   9.742242471758041367e-01   3.196743823264188489e+00   2.685931201653012579e+00   3.248943023096943494e-01   1.003254407399113646e+00
6.408811749768982269e-01   1.039700716801235103e+00   9.759357370086788608e-01   3.203358629211828568e+00   2.691449867571696686e+00   3.245658189251974801e-01   1.003640426994945933e+00
6.410054189534263314e-01   1.047259375735052345e+00   9.877288599796658630e-01   3.249878051095029363e+00   2.730013070838240630e+00   3.222457456156497257e-01   1.006460849028199656e+00
6.417819438067265958e-01   1.065089193755397901e+00   1.015529700702027638e+00   3.364283411940663271e+00   2.824873624925387183e+00   3.165872381545313252e-01   1.014346639339154477e+00
6.437232559399773679e-01   1.087387094471409910e+00   1.050225714210931915e+00   3.518277461764777847e+00   2.952095364757142182e+00   3.090680329475701815e-01   1.027148565774608890e+00
6.456645680732281400e-01   1.102480668695875465e+00   1.073639196562177212e+00   3.630299731408255237e+00   3.044442300901026410e+00   3.036886070749327260e-01   1.038119440233562285e+00
6.476058802064789122e-01   1.114627427524283121e+00   1.092424545488730248e+00   3.725690678392769684e+00   3.122901755641817267e+00   2.991733677700596505e-01   1.048599204445709310e+00
6.495471923397296843e-01   1.125040042593468570e+00   1.108479624870230218e+00   3.811487124212562083e+00   3.193454599590047849e+00   2.951708889285300508e-01   1.058949803678797874e+00
6.514885044729804564e-01   1.134270132185747570e+00   1.122668831796157729e+00   3.891022399793294451e+00   3.258752205034532334e+00   2.915095354490902513e-01   1.069342329651451262e+00
6.534298166062312285e-01   1.142624086221076141e+00   1.135472919807442693e+00   3.966090997465781864e+00   3.320320748067115968e+00   2.880983030775592368e-01   1.079861791674779692e+00
6.553711287394820006e-01   1.150293012958741201e+00   1.147192171627692492e+00   4.037846322818914757e+00   3.379044303648496506e+00   2.848778583915236307e-01   1.090564516529294536e+00
6.573124408727327728e-01   1.157405618114466961e+00   1.158029116856332363e+00   4.106882875259079135e+00   3.435618803753840211e+00   2.818209462672959797e-01   1.101490434501255500e+00
6.592537530059835449e-01   1.164053459361753085e+00   1.168128054867296317e+00   4.173732649024872288e+00   3.490463271514123722e+00   2.788998618859107048e-01   1.112669601983604650e+00
6.611950651392343170e-01   1.170304401643420533e+00   1.177596122972611070e+00   4.238911394790850551e+00   3.543811065278704486e+00   2.760860732030384623e-01   1.124120039752253941e+00
