# freq   mass   ang   radius99   radius95   compactness   kappa
9.159605619483716099e-01   5.645027691508630596e-01   3.152781806522264585e-01   2.494820272638498260e+00   1.169762713804080922e+00   2.262699142467085589e-01   1.075741133749303691e+00
9.121486607825917137e-01   5.660505382116980400e-01   3.169715526649038995e-01   2.193790824000467321e+00   1.166393935582803021e+00   2.580239337401739053e-01   1.054847538629843706e+00
8.949699970746711752e-01   5.756090788549954596e-01   3.275552373836034814e-01   1.661658016584836250e+00   1.177029171359097015e+00   3.464064645732761738e-01   1.016325180629997105e+00
8.806173313040247530e-01   5.850041663293268357e-01   3.381389612550850243e-01   1.549374842701292776e+00   1.194975168224810202e+00   3.775743288237390360e-01   1.005993816282439113e+00
8.304378428868193218e-01   6.226894821737687380e-01   3.822378731495799098e-01   1.511598462149023048e+00   1.275179102463310343e+00   4.119410662064963424e-01   9.957586431667602156e-01
7.895869702082030095e-01   6.583832135213469883e-01   4.263368037235883423e-01   1.570696906618885613e+00   1.354539141829519178e+00   4.191663017523833967e-01   9.931423659761399181e-01
7.553189323974082159e-01   6.924272820814394436e-01   4.704357350626097722e-01   1.644832564228229099e+00   1.432223415941573430e+00   4.209712873761913277e-01   9.915628061344594624e-01
7.261651609764426807e-01   7.250772176796544954e-01   5.145346633335421416e-01   1.723868312323004304e+00   1.508655490865550952e+00   4.206105608511211402e-01   9.902529267083969300e-01
7.011377897359561961e-01   7.565354797139890453e-01   5.586335878034037750e-01   1.805280103629575361e+00   1.584355722972978331e+00   4.190681978895958726e-01   9.890333371922839234e-01
6.863896716550825783e-01   7.769285899231589410e-01   5.880328685912681319e-01   1.860541047470299691e+00   1.634677356688552186e+00   4.175820743001164015e-01   9.882379598970085777e-01
6.730008501909371388e-01   7.969084344980501555e-01   6.174321479249496036e-01   1.916575444788124472e+00   1.685077415097509634e+00   4.157981031558857787e-01   9.874566663523325349e-01
6.608426507462690225e-01   8.165130190899390072e-01   6.468314256642384574e-01   1.973472429358402946e+00   1.735740330343727988e+00   4.137443254555099870e-01   9.866869668609616895e-01
6.498108654973214771e-01   8.357769372696566279e-01   6.762307020318373274e-01   2.031393658507525846e+00   1.786848703433078001e+00   4.114303171959814986e-01   9.859254926658586049e-01
6.398219535686369142e-01   8.547320304384130596e-01   7.056299773544768561e-01   2.090489643474140014e+00   1.838605555762307775e+00   4.088669049888006835e-01   9.851889186795201869e-01
6.337090088789506526e-01   8.672119088398632103e-01   7.252294939064932722e-01   2.130672396751142728e+00   1.873595120309767381e+00   4.070132556099150811e-01   9.847179432701604895e-01
6.280147565536871035e-01   8.795760978655380313e-01   7.448290102833142745e-01   2.171600130890752212e+00   1.909046128608842707e+00   4.050359388699941721e-01   9.842650562296659800e-01
6.227269139096390793e-01   8.918326785427551640e-01   7.644285264845559480e-01   2.213345652928162988e+00   1.945046732404816625e+00   4.029342083839901889e-01   9.838440234267072926e-01
6.178361986881903967e-01   9.039895205662560329e-01   7.840280430415264012e-01   2.256025648386286164e+00   1.981695221078653812e+00   4.007000191743703144e-01   9.834544546240605589e-01
6.133363355957169860e-01   9.160543407942896010e-01   8.036275597914295243e-01   2.299772510027494388e+00   2.019102590295692945e+00   3.983238936895275861e-01   9.831124091804788190e-01
6.105518622396282069e-01   9.240501982433216854e-01   8.166939047298640286e-01   2.329597881515919067e+00   2.044537122450519107e+00   3.966565241045044710e-01   9.829168495230685698e-01
6.079394699146204450e-01   9.320107949237126377e-01   8.297602499119383079e-01   2.359993953845445525e+00   2.070384775059355587e+00   3.949208401170121729e-01   9.827519293800731637e-01
6.054996860646616463e-01   9.399383822479876471e-01   8.428265956917005974e-01   2.391087658471529487e+00   2.096708519108722690e+00   3.931007627084783240e-01   9.826256127468975254e-01
6.032337580865346771e-01   9.478352226934703140e-01   8.558929419082849099e-01   2.422879804592340758e+00   2.123569518713318338e+00   3.912019163711455416e-01   9.825402349644092315e-01
6.011437091014891765e-01   9.557036002398717756e-01   8.689592888557273742e-01   2.455442478878894441e+00   2.150989012074417950e+00   3.892184844322750248e-01   9.825046869070153122e-01
5.998494332935303541e-01   9.609345146882333211e-01   8.776701874384144064e-01   2.477619623610762378e+00   2.169644102699100685e+00   3.878458604100875617e-01   9.825157906044648115e-01
5.986356587144083807e-01   9.661545036437928502e-01   8.863810862359200460e-01   2.500202950093073806e+00   2.188580839746639750e+00   3.864304310207402615e-01   9.825522927621682667e-01
5.975036595239338055e-01   9.713642738676071531e-01   8.950919856713046574e-01   2.523221465268561392e+00   2.207855698547298573e+00   3.849698836341419184e-01   9.826228633348506047e-01
5.964549236885673400e-01   9.765645439302943487e-01   9.038028855516677673e-01   2.546706336751412003e+00   2.227483951393145478e+00   3.834617795689799213e-01   9.827297490391253554e-01
5.954911706073374722e-01   9.817560464682629773e-01   9.125137860836766146e-01   2.570691040163442853e+00   2.247468124005177703e+00   3.819035547756230997e-01   9.828777216208459677e-01
5.948968439748227865e-01   9.852125463013409190e-01   9.183210533685856047e-01   2.586980655975393617e+00   2.261033847783397999e+00   3.808349103908846289e-01   9.830006590822242263e-01
5.943418096693211528e-01   9.886657081093517263e-01   9.241283211779121043e-01   2.603468800917223547e+00   2.274782244957304744e+00   3.797493973275334334e-01   9.831477697300605723e-01
5.938267773794088100e-01   9.921157619521636661e-01   9.299355891805692886e-01   2.620306232760220233e+00   2.288705592549186374e+00   3.786258833216882835e-01   9.833135883624939400e-01
5.933525188081254509e-01   9.955629425095366969e-01   9.357428575883924848e-01   2.637361489192018293e+00   2.302865614363041047e+00   3.774844467053081742e-01   9.835086397188165241e-01
5.929198719476991286e-01   9.990074888189610647e-01   9.415501263477903393e-01   2.654709163616679302e+00   2.317240772881492550e+00   3.763152297474083863e-01   9.837306934651123269e-01
5.926550041898636101e-01   1.001302510005643853e+00   9.454216391294432142e-01   2.666437217652468217e+00   2.326944726375164585e+00   3.755207523270286396e-01   9.838936930453400231e-01
5.924093210597046744e-01   1.003596542640593725e+00   9.492931521649582427e-01   2.678304584100510422e+00   2.336749437507178673e+00   3.747133722573396386e-01   9.840719829024034970e-01
5.921831264219563629e-01   1.005889661469041130e+00   9.531646653648050416e-01   2.690315154976187895e+00   2.346657411029660079e+00   3.738928725909602124e-01   9.842622544226143910e-01
5.919767407324054709e-01   1.008181942511214402e+00   9.570361787299210832e-01   2.702481035922764452e+00   2.356693576838382764e+00   3.730579157115046507e-01   9.844687641525662336e-01
9.290961395278408697e-01   9.375273407715668528e-01   9.572456128565192124e-01   1.913740945257062975e+01   1.571734547760912015e+01   4.898925024805975831e-02   2.142773204508371521e+01
9.310374516610916418e-01   9.289788517577335369e-01   9.480545292037797500e-01   1.952707819192710659e+01   1.601227159265323152e+01   4.757387882749362917e-02   2.231548626952593750e+01
9.329787637943424139e-01   9.201456044775113696e-01   9.385770607422670997e-01   1.987940761083615371e+01   1.633033837095433327e+01   4.628636941756479606e-02   2.325862565103169288e+01
9.349200759275931860e-01   9.110158670878263365e-01   9.288018366308070650e-01   2.030468629973920613e+01   1.664437171639315594e+01   4.486727121214020148e-02   2.426214823880448890e+01
9.368613880608439581e-01   9.015771114310382472e-01   9.187167060692434939e-01   2.068895873986992129e+01   1.699152407087759542e+01   4.357769391717133955e-02   2.533166453625451808e+01
9.388027001940947303e-01   8.918159299953458685e-01   9.083086558098676377e-01   2.115389617314172455e+01   1.734660721742036316e+01   4.215847155039220001e-02   2.647350829478519785e+01
9.407440123273455024e-01   8.817179401274870543e-01   8.975637159435994050e-01   2.157143429665149270e+01   1.770762236267849588e+01   4.087433074695247248e-02   2.769482647100226202e+01
9.426853244605962745e-01   8.712676752840025074e-01   8.864668518383675977e-01   2.208668354664630584e+01   1.811005410482453115e+01   3.944764606437701354e-02   2.900375009161186313e+01
9.446266365938470466e-01   8.604484591315895159e-01   8.750018396825222089e-01   2.254511596487725456e+01   1.851096138861624141e+01   3.816562578219030027e-02   3.040954233202553070e+01
9.465679487270978187e-01   8.492422600942290956e-01   8.631511224284640349e-01   2.311803426837506592e+01   1.894391843766736017e+01   3.673505498934106356e-02   3.192281447993479304e+01
9.485092608603485909e-01   8.376295222791442230e-01   8.508956422387957685e-01   2.361860971276944809e+01   1.940624469708382449e+01   3.546481069231937483e-02   3.355577821460897070e+01
9.504505729935993630e-01   8.255889677840286822e-01   8.382146445368117149e-01   2.426741192548682946e+01   1.986635840971952405e+01   3.402047858745722159e-02   3.532256419977456119e+01
9.523918851268501351e-01   8.130973639546255072e-01   8.250854475419564515e-01   2.483211869430180130e+01   2.039396252122797648e+01   3.274377728152556150e-02   3.723960004226718468e+01
9.543331972601009072e-01   8.001292490513378652e-01   8.114831694757249636e-01   2.555757660780671969e+01   2.093643053681579147e+01   3.130692949999545199e-02   3.932611687494164698e+01
9.562745093933516793e-01   7.866566037728262017e-01   7.973804035521681044e-01   2.621078179932086272e+01   2.148940155469882995e+01   3.001271041038573381e-02   4.160475339305035902e+01
9.582158215266024515e-01   7.726484588355333472e-01   7.827468278784138755e-01   2.702225508151341415e+01   2.213116038318892009e+01   2.859304142103673285e-02   4.410235947583711180e+01
9.601571336598532236e-01   7.580704195345333574e-01   7.675487335487253260e-01   2.780217614668764270e+01   2.278712322366752119e+01   2.726658573540654759e-02   4.685101803140197774e+01
9.620984457931039957e-01   7.428840858725608287e-01   7.517484488294775558e-01   2.869562404460983274e+01   2.347317144988086923e+01   2.588841018817653744e-02   4.988939382833719094e+01
9.640397579263547678e-01   7.270463387619656714e-01   7.353036299292272648e-01   2.964306522665919630e+01   2.427001862793134279e+01   2.452669227027520424e-02   5.326448765021516607e+01
9.659810700596055399e-01   7.105084520107993740e-01   7.181663783119118794e-01   3.063886609070944900e+01   2.509764266908230823e+01   2.318977634182895625e-02   5.703403721274747795e+01
9.679223821928563121e-01   6.932149746497771048e-01   7.002821295501419074e-01   3.181589621655943390e+01   2.596093860350337579e+01   2.178832147085565593e-02   6.126976064808760469e+01
9.698636943261070842e-01   6.751023066021843988e-01   6.815882366705403594e-01   3.290200100881006051e+01   2.699720149875056308e+01   2.051857898920538686e-02   6.606185931161321889e+01
9.718050064593578563e-01   6.560968570181557880e-01   6.620121382589531089e-01   3.440640578454785725e+01   2.810296786323339546e+01   1.906903211938554624e-02   7.152537197616508990e+01
9.737463185926086284e-01   6.361126265113625777e-01   6.414689515087583782e-01   3.584829740925260211e+01   2.928140169726119879e+01   1.774457010466497578e-02   7.780937932698948600e+01
9.756876307258594005e-01   6.150479717032339977e-01   6.198582521786933919e-01   3.752478899087163455e+01   3.063018474538578317e+01   1.639044450997051428e-02   8.511056516912530867e+01
9.776289428591101727e-01   5.927811902316761916e-01   5.970596769715698082e-01   3.954849347979281049e+01   3.221608351678721505e+01   1.498871734607428244e-02   9.369390316664717488e+01
9.795702549923609448e-01   5.691643465827382897e-01   5.729267732875991115e-01   4.154552549882910029e+01   3.399533005256088813e+01   1.369977487945794187e-02   1.039251065027331151e+02
9.809569065161115597e-01   5.513689495880953473e-01   5.547733047011701446e-01   4.351986781958569139e+01   3.529285570958442975e+01   1.266936176998123033e-02   1.125213039193903626e+02
9.823435580398621747e-01   5.327113458655503564e-01   5.357671665572382169e-01   4.520832522157573408e+01   3.700371015657327689e+01   1.178347888922266773e-02   1.224777754702260353e+02
9.837302095636127897e-01   5.130946516960648296e-01   5.158122085295843151e-01   4.780746874534113999e+01   3.879285000725041499e+01   1.073252077890164691e-02   1.341425213835125874e+02
9.851168610873634046e-01   4.924012847711765062e-01   4.947916567036201863e-01   5.012814431354996714e+01   4.075903551652621104e+01   9.822850845848630011e-03   1.479933991163661631e+02
9.865035126111140196e-01   4.704860869144339985e-01   4.725612449197812426e-01   5.334861594308004840e+01   4.328267995531353307e+01   8.819087029669448949e-03   1.647051576319030630e+02
9.874939779852215382e-01   4.539849182116313386e-01   4.558427885501189492e-01   5.533046816250128330e+01   4.500603253906018608e+01   8.204971569702120687e-03   1.789221272301994077e+02
9.884844433593290569e-01   4.366858432110802823e-01   4.383333969436586930e-01   5.882344761856167281e+01   4.747701074292108103e+01   7.423669657085596799e-03   1.955971296716133452e+02
9.894749087334365756e-01   4.184887278382802833e-01   4.199332833880696225e-01   6.136764735022557460e+01   4.975693139003953291e+01   6.819370562634775521e-03   2.154294185058162157e+02
9.904653741075440943e-01   3.992696783182055342e-01   4.005187969521402103e-01   6.589191065387790047e+01   5.296742737265483925e+01   6.059464270440115263e-03   2.394157854892732189e+02
5.945224127130208647e-01   9.875150109363629580e-01   9.221925652280066332e-01   2.597976743149995382e+00   2.270168221154637678e+00   3.801092575367016613e-01   9.830956757183910710e-01
5.939939638608823236e-01   9.909660749784733325e-01   9.279998330856565891e-01   2.614647875643147934e+00   2.284054645703126774e+00   3.790055571956192360e-01   9.832577786839130640e-01
5.935060242997379776e-01   9.944141868782025995e-01   9.338071013266516784e-01   2.631648330753902698e+00   2.298123753691817761e+00   3.778674282795708161e-01   9.834412520274411484e-01
5.930594094384913362e-01   9.978595844432902595e-01   9.396143700229590001e-01   2.648904648705346254e+00   2.312409016534196393e+00   3.767064944866908571e-01   9.836535654291838071e-01
5.926550041995856111e-01   1.001302509990182443e+00   9.454216391446751411e-01   2.666437217756446376e+00   2.326944726437489841e+00   3.755207523065866027e-01   9.838933692846502099e-01
5.924093210774447060e-01   1.003596542626155497e+00   9.492931521572427478e-01   2.678304583936310657e+00   2.336749437428624621e+00   3.747133722749215190e-01   9.840696751388327002e-01
5.921831264458136124e-01   1.005889661425385384e+00   9.531646652892866722e-01   2.690315154705965384e+00   2.346657410824412704e+00   3.738928726122879853e-01   9.842639416473820679e-01
5.919767407451254071e-01   1.008181942542364595e+00   9.570361787350482041e-01   2.702481036126444636e+00   2.356693576936516710e+00   3.730579156949145880e-01   9.844703827206741087e-01
5.917905020362042023e-01   1.010473463258108495e+00   9.609076923567790862e-01   2.714809297522180920e+00   2.366858090103638901e+00   3.722078984260044909e-01   9.846933424273560664e-01
5.916247666793280624e-01   1.012764302339974165e+00   9.647792062406240765e-01   2.727296698022903865e+00   2.377137825662250847e+00   3.713436470165333292e-01   9.849333245127135372e-01
5.915258519943633608e-01   1.014291189226355527e+00   9.673602155916857237e-01   2.735751373055823166e+00   2.384049203190085731e+00   3.707541552262464402e-01   9.851043679312425638e-01
5.914363328719246526e-01   1.015817832805964827e+00   9.699412252022824310e-01   2.744228806895619766e+00   2.391008069856783269e+00   3.701651371975422933e-01   9.852829808851907289e-01
5.913563299929539552e-01   1.017344257353329340e+00   9.725222346540404184e-01   2.752769722215942849e+00   2.398055142285312691e+00   3.695711447067140942e-01   9.854690917611742540e-01
5.912859681406212875e-01   1.018870487835215499e+00   9.751032444763809703e-01   2.761453842931014258e+00   2.405162856623932477e+00   3.689616215905255903e-01   9.856637811592580123e-01
5.912253768099132722e-01   1.020396549243514528e+00   9.776842543712150890e-01   2.770167931348682444e+00   2.412323212432272435e+00   3.683518741575803612e-01   9.858715496538065226e-01
5.911904766852020821e-01   1.021413841974094794e+00   9.794049276805141258e-01   2.776037490240377714e+00   2.417100342923621525e+00   3.679394984992260809e-01   9.860142302483548837e-01
5.911600194046499057e-01   1.022431078527915815e+00   9.811256011454044801e-01   2.781919418943763933e+00   2.421966609018479488e+00   3.675272085760525886e-01   9.861598955620712870e-01
5.911340469672133890e-01   1.023448266339642032e+00   9.828462745386179478e-01   2.787886539202476754e+00   2.426809575566872823e+00   3.671054226734841164e-01   9.863124778646908952e-01
5.911126021920413143e-01   1.024465413436587369e+00   9.845669480792715866e-01   2.793819187930954850e+00   2.431724920987370808e+00   3.666899482479699657e-01   9.864668275844667988e-01
5.910957291539806757e-01   1.025482527520239273e+00   9.862876216736324864e-01   2.799886998822228801e+00   2.436638507598846370e+00   3.662585411309842165e-01   9.866290586963961662e-01
5.910870424824032909e-01   1.026160588952393482e+00   9.874347373821350526e-01   2.803897860877142545e+00   2.439952619736103667e+00   3.659764513074595382e-01   9.867364091564896356e-01
5.910804212327043228e-01   1.026838641762083171e+00   9.885818531223286021e-01   2.807938666504361080e+00   2.443245742334458015e+00   3.656912645604213918e-01   9.868488387237174253e-01
5.910758793178400028e-01   1.027516688024320501e+00   9.897289688375515704e-01   2.812044787508573673e+00   2.446589234311050909e+00   3.653984078022753379e-01   9.869637422687517203e-01
5.910734307061473736e-01   1.028194730399945911e+00   9.908760848257804899e-01   2.816122610307484564e+00   2.449935411768216831e+00   3.651100724934984720e-01   9.870788978394270385e-01
5.910730897245689563e-01   1.028872771019678112e+00   9.920232007372096206e-01   2.820190067251727939e+00   2.453263982439227497e+00   3.648239113267686684e-01   9.871972309700693948e-01
5.910735986278967680e-01   1.029165958473527098e+00   9.925192178473937199e-01   2.821999411479601427e+00   2.454737270603756460e+00   3.646938955008234839e-01   9.872500704567194196e-01
5.910748708862164635e-01   1.029550812528668757e+00   9.931703166058176713e-01   2.824366143295756970e+00   2.456664919998911234e+00   3.645245553493586255e-01   9.873187491820468731e-01
5.913854808275366137e-01   1.040061518666675511e+00   1.010949079890080871e+00   2.890928740055398904e+00   2.510902403497166535e+00   3.597672624219526161e-01   9.895261269456369080e-01
5.910748708862164635e-01   1.029550812585398489e+00   9.931703166937261296e-01   2.824366143794658779e+00   2.456664920337713554e+00   3.645245553050541210e-01   9.873186713095798428e-01
5.913854808275366137e-01   1.040061518665766016e+00   1.010949079892748514e+00   2.890928739959557348e+00   2.510902403459998933e+00   3.597672624335652158e-01   9.895246452644459456e-01
5.916960907688567639e-01   1.044629908737647384e+00   1.018671948904996682e+00   2.921544674421406196e+00   2.535735770297494085e+00   3.575608197552309631e-01   9.907084610656873291e-01
5.924726156221570283e-01   1.052249697046931942e+00   1.031541799379240398e+00   2.975102167344884307e+00   2.579151067370663686e+00   3.536852309129293603e-01   9.930472979323374805e-01
5.932491404754572928e-01   1.057748801250227189e+00   1.040817460238580017e+00   3.015962282329118338e+00   2.612157973830684377e+00   3.507168532735648325e-01   9.950691065192562856e-01
5.951904526087080649e-01   1.067810920793249352e+00   1.057752274039653884e+00   3.096403975152631105e+00   2.676804208419923725e+00   3.448551705016505986e-01   9.996776509780931352e-01
5.971317647419588370e-01   1.075327308344981248e+00   1.070360924522656410e+00   3.162001945709100870e+00   2.729337715419986043e+00   3.400780033687903492e-01   1.004079973602647780e+00
5.990730768752096091e-01   1.081476114549445811e+00   1.080641846182491816e+00   3.219748451303786396e+00   2.775533224446232072e+00   3.358883872159388884e-01   1.008461268370774544e+00
6.010143890084603813e-01   1.086736668903085956e+00   1.089409070489241405e+00   3.272633741046236722e+00   2.817657437741293514e+00   3.320679168197001596e-01   1.012890962096639313e+00
6.029557011417111534e-01   1.091360715686619187e+00   1.097090606836978788e+00   3.322134058936808909e+00   2.857005314980198385e+00   3.285119433247344900e-01   1.017404960421645077e+00
6.048970132749619255e-01   1.095500019437508854e+00   1.103944758606999033e+00   3.369156843805274359e+00   2.894260271151832598e+00   3.251555419427142879e-01   1.022027942846805315e+00
6.068383254082126976e-01   1.099254484169364332e+00   1.110141736547179070e+00   3.414078619909051149e+00   2.929901159944691802e+00   3.219769098927920403e-01   1.026771826352975703e+00
6.087796375414634698e-01   1.102694040074652548e+00   1.115800800080123167e+00   3.457638698547024880e+00   2.964241477905679822e+00   3.189153454749417693e-01   1.031650769841669479e+00
6.107209496747142419e-01   1.105869912257844589e+00   1.121009389465519313e+00   3.499935417432081142e+00   2.997675083464818702e+00   3.159686623786979731e-01   1.036668797526123509e+00
6.126622618079650140e-01   1.108820961628453006e+00   1.125833897729515254e+00   3.541206138305378115e+00   3.030161556442684034e+00   3.131195751736362554e-01   1.041835816197955289e+00
6.146035739412157861e-01   1.111577501843839855e+00   1.130326157759387273e+00   3.581651703188713398e+00   3.062080029914736379e+00   3.103533213054223139e-01   1.047159048199185927e+00
6.165448860744665582e-01   1.114163721425370568e+00   1.134527561059835099e+00   3.621409809524628542e+00   3.093374255621743618e+00   3.076602152275120239e-01   1.052642294511813459e+00
6.184861982077173304e-01   1.116599287906410609e+00   1.138471786907238270e+00   3.660570107450787702e+00   3.124174698353770374e+00   3.050342583614680803e-01   1.058289728459978818e+00
6.204275103409681025e-01   1.118900448059775954e+00   1.142186675636287285e+00   3.699183625985106527e+00   3.154581970045478467e+00   3.024722644747889766e-01   1.064105045053480580e+00
6.223688224742188746e-01   1.121080805779683942e+00   1.145695553128453836e+00   3.737645262032278648e+00   3.184673812120165426e+00   2.999430730272449885e-01   1.070097305323137959e+00
6.243101346074696467e-01   1.123151885510992543e+00   1.149018191235357644e+00   3.775684237096640583e+00   3.214509913552746401e+00   2.974697604412635532e-01   1.076270716109362535e+00
6.262514467407204188e-01   1.125123549518662003e+00   1.152171519563537361e+00   3.813268162609857015e+00   3.244135275322491019e+00   2.950549244217356426e-01   1.082623057044308723e+00
6.281927588739711910e-01   1.127004313544375691e+00   1.155170163120610827e+00   3.850972051204791580e+00   3.273582567063467064e+00   2.926545034757621622e-01   1.089164488953847210e+00
6.301340710072219631e-01   1.128801588198143691e+00   1.158026855266850674e+00   3.888231248793240891e+00   3.302873762561203019e+00   2.903123595204067930e-01   1.095899413354432861e+00
6.320753831404727352e-01   1.130521867553966331e+00   1.160752759644301024e+00   3.925569914551441553e+00   3.332021242099665326e+00   2.879892326877959152e-01   1.102828782646704697e+00
6.340166952737235073e-01   1.132170878209421971e+00   1.163357724493254475e+00   3.962579891196570614e+00   3.361039431170025793e+00   2.857155967314877754e-01   1.109959735947809945e+00
6.359580074069742794e-01   1.133753697878432831e+00   1.165850485955271409e+00   3.999803628802377720e+00   3.390148138765072261e+00   2.834523399384738518e-01   1.117295645099316559e+00
6.378993195402250516e-01   1.135274851504391336e+00   1.168238832362625157e+00   4.036705253418492845e+00   3.419149409436440745e+00   2.812379849985285341e-01   1.124844879519808716e+00
6.398406316734758237e-01   1.136738389308561636e+00   1.170529738297148459e+00   4.073846565692079480e+00   3.448060001164504840e+00   2.790331866893588919e-01   1.132603990314741571e+00
6.417819438067265958e-01   1.138147951814630687e+00   1.172729474960029883e+00   4.110926089335346312e+00   3.477145870092329449e+00   2.768592592231806093e-01   1.140587489091959172e+00
6.437232559399773679e-01   1.139506822410794484e+00   1.174843701782557037e+00   4.147843538601142299e+00   3.506108945171921842e+00   2.747227111645326181e-01   1.148791389655867468e+00
6.456645680732281400e-01   1.140817972926470247e+00   1.176877543039090757e+00   4.185118372292107480e+00   3.535233890925584710e+00   2.725891770420024174e-01   1.157227754941591913e+00
6.476058802064789122e-01   1.142084100153283543e+00   1.178835652355435748e+00   4.222405255715032446e+00   3.564323091775982721e+00   2.704818772682870409e-01   1.165899314482611748e+00
6.495471923397296843e-01   1.143307658694652673e+00   1.180722267381649981e+00   4.259648620172503897e+00   3.593573061485972442e+00   2.684042184325410307e-01   1.174808232881088932e+00
6.514885044729804564e-01   1.144490887220513287e+00   1.182541256392555695e+00   4.296892296166134884e+00   3.622804645897066411e+00   2.663531706954059275e-01   1.183964799205452278e+00
6.534298166062312285e-01   1.145635832240373020e+00   1.184296158235708996e+00   4.334618710103175232e+00   3.652278248270474759e+00   2.642991019187253543e-01   1.193371882747996438e+00
6.553711287394820006e-01   1.146744367481460358e+00   1.185990216748429971e+00   4.372395160830246930e+00   3.681682237234038091e+00   2.622691511861686697e-01   1.203034169667993147e+00
6.573124408727327728e-01   1.147818211866933780e+00   1.187626410547737876e+00   4.410246410948523987e+00   3.711423181181161990e+00   2.602616962665515454e-01   1.212958862089193790e+00
6.592537530059835449e-01   1.148858943896698293e+00   1.189207478938452578e+00   4.448202380634532993e+00   3.741181313865661551e+00   2.582748817585980294e-01   1.223151651392847761e+00
6.611950651392343170e-01   1.149868015035963253e+00   1.190735944532764989e+00   4.486294329539598280e+00   3.771044318732811540e+00   2.563068605340406703e-01   1.233621824422180158e+00
6.631363772724850891e-01   1.150846761085176695e+00   1.192214133080157223e+00   4.524547089122370025e+00   3.801221402068623689e+00   2.543562346498657867e-01   1.244370303755717222e+00
6.650776894057358612e-01   1.151796412231874456e+00   1.193644190910902569e+00   4.563262519540093543e+00   3.831439935059500979e+00   2.524063446492133544e-01   1.255406098794729974e+00
6.670190015389866334e-01   1.152718101948153162e+00   1.195028100342984123e+00   4.602149585854975911e+00   3.861792264795427698e+00   2.504738449812912715e-01   1.266738772797846968e+00
6.476058802064789122e-01   1.142084100130773550e+00   1.178835652355686658e+00   4.222405255713900019e+00   3.564323091775864150e+00   2.704818772630284696e-01   1.165896137254405884e+00
6.495471923397296843e-01   1.143307658688627271e+00   1.180722267381839607e+00   4.259648620173968503e+00   3.593573061486732723e+00   2.684042184310341805e-01   1.174807623615325758e+00
6.514885044729804564e-01   1.144490887278038826e+00   1.182541256392432016e+00   4.296892296166904934e+00   3.622804645897097942e+00   2.663531707087459233e-01   1.183964904328621559e+00
6.534298166062312285e-01   1.145635832195694093e+00   1.184296158235769614e+00   4.334618710104967576e+00   3.652278248271274119e+00   2.642991019083086313e-01   1.193370198023049333e+00
6.553711287394820006e-01   1.146744367452356528e+00   1.185990216748415316e+00   4.372395160831533900e+00   3.681682237234557231e+00   2.622691511794352226e-01   1.203033602910898558e+00
6.573124408727327728e-01   1.147818211869775951e+00   1.187626410547319100e+00   4.410246410948762907e+00   3.711423181180698361e+00   2.602616962671818746e-01   1.212959740852287638e+00
6.592537530059835449e-01   1.148858943892264506e+00   1.189207478938454576e+00   4.448202380631197883e+00   3.741181313863460645e+00   2.582748817577948941e-01   1.223153081199329417e+00
6.611950651392343170e-01   1.149868015064953397e+00   1.190735944532807844e+00   4.486294329541384407e+00   3.771044318733863143e+00   2.563068605404005273e-01   1.233621664909012816e+00
6.631363772724850891e-01   1.150846761090747350e+00   1.192214133080469418e+00   4.524547089126322419e+00   3.801221402070995570e+00   2.543562346508748129e-01   1.244370914690691832e+00
6.650776894057358612e-01   1.151796412259614044e+00   1.193644190911218539e+00   4.563262519543040518e+00   3.831439935061943025e+00   2.524063446551292333e-01   1.255408121497903151e+00
6.670190015389866334e-01   1.152718101969526288e+00   1.195028100342844457e+00   4.602149585859303116e+00   3.861792264797022867e+00   2.504738449856999671e-01   1.266739255522138841e+00
6.689603136722374055e-01   1.153612874682494294e+00   1.196367693319140280e+00   4.641238302179794495e+00   3.892517865421861067e+00   2.485571305702382883e-01   1.278369411122652677e+00
6.709016258054881776e-01   1.154481693144475685e+00   1.197664663533901219e+00   4.680539303443040922e+00   3.923339142540708924e+00   2.466556989053013682e-01   1.290307866574298634e+00
6.728429379387389497e-01   1.155325444184882144e+00   1.198920577229983575e+00   4.720074913744673140e+00   3.954276078500602143e+00   2.447684550134193171e-01   1.302563145795525346e+00
6.747842500719897219e-01   1.156144944159223087e+00   1.200136882849849318e+00   4.759856773489339332e+00   3.985515932038906861e+00   2.428949019219501237e-01   1.315139728846407507e+00
6.767255622052404940e-01   1.156940944562052209e+00   1.201314919679742799e+00   4.799901089615280725e+00   4.017055537615876304e+00   2.410343302834148105e-01   1.328046407780140159e+00
6.786668743384912661e-01   1.157714135628907570e+00   1.202455925608452603e+00   4.840219428202463092e+00   4.048756084341086137e+00   2.391862916138192130e-01   1.341291701483686483e+00
6.806081864717420382e-01   1.158465150659253595e+00   1.203561044116608469e+00   4.880823397092958871e+00   4.080633984191996078e+00   2.373503518585083072e-01   1.354882335258357218e+00
6.825494986049928103e-01   1.159194569788837725e+00   1.204631330573528558e+00   4.921723137149540683e+00   4.112703651880345035e+00   2.355261638020938186e-01   1.368827824121342962e+00
6.844908107382435825e-01   1.159902922747733101e+00   1.205667757931814910e+00   4.962927185380316075e+00   4.145207722927781724e+00   2.337134677624427281e-01   1.383137127075964923e+00
6.864321228714943546e-01   1.160590691874745062e+00   1.206671221882751110e+00   5.004442592658604028e+00   4.177970434327264115e+00   2.319120801939667520e-01   1.397815946577367185e+00
6.883734350047451267e-01   1.161258315332929669e+00   1.207642545534580725e+00   5.046276425786185627e+00   4.210962044385163416e+00   2.301218200015690274e-01   1.412877498522937758e+00
6.903147471379958988e-01   1.161906188345597002e+00   1.208582483658435347e+00   5.088430604097522014e+00   4.244195509911351749e+00   2.283427403745975359e-01   1.428327751361016640e+00
6.922560592712466709e-01   1.162534666330770960e+00   1.209491726559823288e+00   5.130912461197495666e+00   4.277683780688132487e+00   2.265746443975481250e-01   1.444176979245125114e+00
6.941973714044974431e-01   1.163144066426525569e+00   1.210370903599310877e+00   5.173716280271849044e+00   4.311441740312749182e+00   2.248179071708603649e-01   1.460437284914003708e+00
6.961386835377482152e-01   1.163734669327368465e+00   1.211220586413970235e+00   5.216851605437334172e+00   4.345478890982210629e+00   2.230722200559529522e-01   1.477116586024461720e+00
6.980799956709989873e-01   1.164306720803892858e+00   1.212041291853028335e+00   5.260302001718121900e+00   4.379975177064300063e+00   2.213383795119760189e-01   1.494225996401285395e+00
7.000213078042497594e-01   1.164860433096464476e+00   1.212833484671325124e+00   5.304089004588497858e+00   4.414786617433594351e+00   2.196155517165641335e-01   1.511775483188472879e+00
7.019626199375005315e-01   1.165395986678163354e+00   1.213597579988854092e+00   5.348612508080897499e+00   4.449906093285761699e+00   2.178875334336590197e-01   1.529777786455516875e+00
7.039039320707513037e-01   1.165913530972602530e+00   1.214333945556064887e+00   5.393517650918894013e+00   4.485341796110921209e+00   2.161694104725819798e-01   1.548244422754292637e+00
7.058452442040020758e-01   1.166413185370288375e+00   1.215042903819623765e+00   5.438780685490249844e+00   4.521106797451685644e+00   2.144622577781233608e-01   1.567184739142886141e+00
7.077865563372528479e-01   1.166895040957456331e+00   1.215724733833613236e+00   5.484405095090170157e+00   4.557210361538090559e+00   2.127660194178765674e-01   1.586610833248273345e+00
7.097278684705036200e-01   1.167359160537330354e+00   1.216379673001708905e+00   5.530373786890057985e+00   4.593663506181451694e+00   2.110814215315058029e-01   1.606538583220259664e+00
7.116691806037543921e-01   1.167805579941045835e+00   1.217007918692159185e+00   5.576670618128947154e+00   4.630476282877991068e+00   2.094091008611265736e-01   1.626979056956964875e+00
7.136104927370051643e-01   1.168234308866658466e+00   1.217609629714937025e+00   5.623288237488504926e+00   4.667658017584124686e+00   2.077493202426379248e-01   1.647945190401561621e+00
7.155518048702559364e-01   1.168645331063657977e+00   1.218184927685264984e+00   5.670404109643236268e+00   4.705219229796940184e+00   2.060955989144105938e-01   1.669450870462485970e+00
7.174931170035067085e-01   1.169038605311243373e+00   1.218733898277446492e+00   5.718481785113906923e+00   4.743167899033656987e+00   2.044316392428549567e-01   1.691507352995846869e+00
7.194344291367574806e-01   1.169414066138187991e+00   1.219256592379476478e+00   5.766899594787638250e+00   4.781514651921112247e+00   2.027803756450264339e-01   1.714133863062431651e+00
7.213757412700082527e-01   1.169771623780093250e+00   1.219753027156889935e+00   5.815646925379429177e+00   4.820266457586192210e+00   2.011421323868924638e-01   1.737343705500826507e+00
7.233170534032590249e-01   1.170111164933359760e+00   1.220223187030475831e+00   5.864692309099771350e+00   4.859433636876301144e+00   1.995179121533438849e-01   1.761151910916450181e+00
7.252583655365097970e-01   1.170432553421619559e+00   1.220667024575001314e+00   5.913989539512365390e+00   4.899022482448200932e+00   1.979091348744805023e-01   1.785571746557768291e+00
7.271996776697605691e-01   1.170735630013268747e+00   1.221084461354130069e+00   5.964315635890867107e+00   4.939042531104473888e+00   1.962900190875629947e-01   1.810625123741893994e+00
7.291409898030113412e-01   1.171020212939879457e+00   1.221475388672298212e+00   6.015365732221561679e+00   4.979499738068544623e+00   1.946714904909704891e-01   1.836324769973080917e+00
7.310823019362621134e-01   1.171286098553650845e+00   1.221839668280126689e+00   6.066707074328233418e+00   5.020402295307444973e+00   1.930678511758122662e-01   1.862690829255080560e+00
7.330236140695128855e-01   1.171533060845604268e+00   1.222177133011816741e+00   6.118288577527612127e+00   5.061756173070952158e+00   1.914805171414484530e-01   1.889738852388813672e+00
7.349649262027636576e-01   1.171760852251622964e+00   1.222487587374678331e+00   6.170041974061708956e+00   5.103567553384127820e+00   1.899113259160307432e-01   1.917489685139693867e+00
7.369062383360144297e-01   1.171969203601406662e+00   1.222770808082689786e+00   6.223435554849358731e+00   5.145842796457984925e+00   1.883154719402850286e-01   1.945958288842499773e+00
7.388475504692652018e-01   1.172157824320038344e+00   1.223026544546069516e+00   6.277195737363010508e+00   5.188585277198236589e+00   1.867327184562912190e-01   1.975170925465307148e+00
7.407888626025159740e-01   1.172326402272688028e+00   1.223254519316363753e+00   6.331148724712000408e+00   5.231802153977577419e+00   1.851680403110442519e-01   2.005144658540220615e+00
7.427301747357667461e-01   1.172474604410126631e+00   1.223454428489827661e+00   6.385229503118258876e+00   5.275493029835908843e+00   1.836229385079334586e-01   2.035899533218888280e+00
7.446714868690175182e-01   1.172602076153566486e+00   1.223625942067470440e+00   6.440763722269917224e+00   5.319666315838536441e+00   1.820594772168271092e-01   2.067460235797700108e+00
7.466127990022682903e-01   1.172708442207522239e+00   1.223768704286569697e+00   6.497041647586173418e+00   5.364385571520501550e+00   1.804988340567610650e-01   2.099847296216791559e+00
7.485541111355190624e-01   1.172793305694767696e+00   1.223882333906171516e+00   6.553423579579749081e+00   5.409861786777863557e+00   1.789588741599356936e-01   2.133084333704641455e+00
7.504954232687698346e-01   1.172856249119377026e+00   1.223966424469566494e+00   6.609803682386430346e+00   5.455861163437010219e+00   1.774419189248785944e-01   2.167195204046961532e+00
7.524367354020206067e-01   1.172896833260324456e+00   1.224020544525720622e+00   6.668234970371797132e+00   5.502392566890608627e+00   1.758931469079482446e-01   2.202206776298219815e+00
7.543780475352713788e-01   1.172914598318470780e+00   1.224044237829813087e+00   6.727033070712492346e+00   5.549452460847306590e+00   1.743583814720628122e-01   2.238141721225901382e+00
7.563193596685221509e-01   1.172909062771282152e+00   1.224037023505740285e+00   6.785804487151628095e+00   5.597043669676502020e+00   1.728474589847217857e-01   2.275028426219969813e+00
7.582606718017729230e-01   1.172879723925575490e+00   1.223998396186302573e+00   6.845246106587885571e+00   5.645164410249716269e+00   1.713422287033321556e-01   2.312897241255911673e+00
7.602019839350236952e-01   1.172826057570205194e+00   1.223927826125990492e+00   6.906570928194450509e+00   5.693809663578836222e+00   1.698130765272269638e-01   2.351771362712109958e+00
7.621432960682744673e-01   1.172747518067808414e+00   1.223824759284416919e+00   6.967827217384900074e+00   5.742979974652384634e+00   1.683089263668557378e-01   2.391685420173263132e+00
7.640846082015252394e-01   1.172643537828662375e+00   1.223688617389616207e+00   7.028866304208932547e+00   5.792999983824017818e+00   1.668325284728314484e-01   2.432665526973730952e+00
8.378544692650545800e-01   1.141798933062659671e+00   1.185747730259191224e+00   1.013931854163243251e+01   8.323060500828969310e+00   1.126110130946561400e-01   5.242363839354696076e+00
8.397957813983053521e-01   1.139994105431128446e+00   1.183596249972666881e+00   1.024775743100909509e+01   8.411506420000435469e+00   1.112432757221180069e-01   5.367693388263835352e+00
8.417370935315561242e-01   1.138119205335783590e+00   1.181366394643394102e+00   1.035820355603004295e+01   8.503485574343914166e+00   1.098761188829143892e-01   5.497093216877187771e+00
8.436784056648068963e-01   1.136172382126574121e+00   1.179056329382222046e+00   1.047236070402839658e+01   8.595775397390212902e+00   1.084924797987070338e-01   5.630727386670007384e+00
8.456197177980576685e-01   1.134151734170586678e+00   1.176664171535003023e+00   1.058468387123759236e+01   8.688365257476855064e+00   1.071502699530296199e-01   5.768766523460911344e+00
8.475610299313084406e-01   1.132055307161408564e+00   1.174187989026843182e+00   1.070479539042942285e+01   8.785871196795447702e+00   1.057521667507552582e-01   5.911394407338423029e+00
8.495023420645592127e-01   1.129881091988067965e+00   1.171625798618310510e+00   1.081902500773339959e+01   8.883645687430455240e+00   1.044346501815489880e-01   6.058799480042606156e+00
8.514436541978099848e-01   1.127627022837600634e+00   1.168975564034079095e+00   1.094554721281686760e+01   8.981390825459513394e+00   1.030215302088494378e-01   6.211180663069934660e+00
8.533849663310607569e-01   1.125290975188931952e+00   1.166235193990852403e+00   1.106553245326451140e+01   9.084486734224388016e+00   1.016933419102623304e-01   6.368752152990714954e+00
8.553262784643115291e-01   1.122870763703417651e+00   1.163402540091566628e+00   1.119521064392117005e+01   9.188151562522078208e+00   1.002992082434035759e-01   6.531734242794658307e+00
8.572675905975623012e-01   1.120364139491698552e+00   1.160475394594095544e+00   1.132146695358920141e+01   9.291660186016594380e+00   9.895927304160118121e-02   6.700363172875749562e+00
8.592089027308130733e-01   1.117768788011403558e+00   1.157451488028675701e+00   1.145453975712341688e+01   9.400960238344561404e+00   9.758303796678333142e-02   6.874887748597496184e+00
8.611502148640638454e-01   1.115082326079232189e+00   1.154328486672731691e+00   1.158753341242371704e+01   9.510950943886847142e+00   9.623120696969753030e-02   7.055564923480765138e+00
8.630915269973146176e-01   1.112302299240695902e+00   1.151103989846516296e+00   1.172406266792906315e+01   9.620604768818393993e+00   9.487345221067236545e-02   7.242677006428730024e+00
8.650328391305653897e-01   1.109426178748208258e+00   1.147775527044818000e+00   1.186410633731024511e+01   9.737126841412601763e+00   9.351114590563677775e-02   7.436514782751756591e+00
8.669741512638161618e-01   1.106451358324761713e+00   1.144340554868174209e+00   1.200484218761085664e+01   9.853907670251160766e+00   9.216708899902349705e-02   7.637386978663508685e+00
8.689154633970669339e-01   1.103375150827218931e+00   1.140796453755361872e+00   1.215231578076511276e+01   9.970735149248298512e+00   9.079546406896860100e-02   7.845623883637382612e+00
8.708567755303177060e-01   1.100194784535801773e+00   1.137140524484484105e+00   1.229735628003589731e+01   1.009506404130828550e+01   8.946595995774388188e-02   8.061573388440216092e+00
8.727980876635684782e-01   1.096907399248721049e+00   1.133369984437018640e+00   1.245279983434536497e+01   1.021912453611312799e+01   8.808520283313336918e-02   8.285607205796935659e+00
8.747393997968192503e-01   1.093510042199795862e+00   1.129481963604174188e+00   1.260302984239937452e+01   1.034470976088723226e+01   8.676564729863502079e-02   8.518114114751975663e+00
8.766807119300700224e-01   1.089999663764388060e+00   1.125473500308530328e+00   1.276674781318730822e+01   1.047713404472287557e+01   8.537802106801872792e-02   8.759517027078596030e+00
8.786220240633207945e-01   1.086373112380556449e+00   1.121341536610702017e+00   1.292231371162329445e+01   1.060898212866385926e+01   8.406955105906392667e-02   9.010257190972390973e+00
8.805633361965715666e-01   1.082627129875049832e+00   1.117082913398961042e+00   1.309510233559909231e+01   1.074487500459390077e+01   8.267420155487623101e-02   9.270811274636887589e+00
8.825046483298223388e-01   1.078758345694836862e+00   1.112694365102511851e+00   1.325706629677743464e+01   1.088603496529942660e+01   8.137232790010746897e-02   9.541682464475911729e+00
8.844459604630731109e-01   1.074763271241067741e+00   1.108172514016010135e+00   1.343917270181453105e+01   1.102618462536557331e+01   7.997242799744326558e-02   9.823409431642859957e+00
8.863872725963238830e-01   1.070638293585489009e+00   1.103513864189897165e+00   1.360774518488840812e+01   1.117429247645597457e+01   7.867859656678814761e-02   1.011657348926773814e+01
8.883285847295746551e-01   1.066379668602735364e+00   1.098714794855670140e+00   1.380026137886565962e+01   1.132486329238815870e+01   7.727242545100175553e-02   1.042178549658964215e+01
8.902698968628254272e-01   1.061983513869222406e+00   1.093771553324809798e+00   1.397673972335305237e+01   1.147474948236568082e+01   7.598220578543120329e-02   1.073970887579306854e+01
8.922112089960761994e-01   1.057445800603545649e+00   1.088680247336390572e+00   1.417988621039269148e+01   1.163651161392623479e+01   7.457364501476215768e-02   1.107105256549053962e+01
8.941525211293269715e-01   1.052762345377345810e+00   1.083436836774917422e+00   1.436456533841038841e+01   1.179719098829983892e+01   7.328884101785473892e-02   1.141657527521949334e+01
8.960938332625777436e-01   1.047928800798899829e+00   1.078037124711683337e+00   1.457978666078760455e+01   1.196230707513189273e+01   7.187545505156865688e-02   1.177709650633330263e+01
8.980351453958285157e-01   1.042940645745375150e+00   1.072476747686670784e+00   1.477427842842100070e+01   1.213567568805298080e+01   7.059164688131840115e-02   1.215349511209528899e+01
8.999764575290792878e-01   1.037793174161834031e+00   1.066751165177497240e+00   1.500182095010043426e+01   1.230716208565486980e+01   6.917781365434082230e-02   1.254671783978724697e+01
9.019177696623300600e-01   1.032481484315894704e+00   1.060855648134622520e+00   1.520653070530891071e+01   1.249067555405849639e+01   6.789724127906665574e-02   1.295779149953033915e+01
9.038590817955808321e-01   1.027000464822890535e+00   1.054785266512438868e+00   1.544827781457804505e+01   1.267665950204555969e+01   6.647993240086239042e-02   1.338782161475110577e+01
9.058003939288316042e-01   1.021344781714674355e+00   1.048534875670865452e+00   1.566524145682795677e+01   1.286373133355879261e+01   6.519815124008217222e-02   1.383800322102003832e+01
9.077417060620823763e-01   1.015508863178183674e+00   1.042099101525056692e+00   1.592155562217154596e+01   1.306558651423279294e+01   6.378201271765415736e-02   1.430963974498313362e+01
9.096830181953331484e-01   1.009486882407031771e+00   1.035472324291222712e+00   1.615132080808101023e+01   1.326525280919741334e+01   6.250181606831523018e-02   1.480414065255938105e+01
9.116243303285839206e-01   1.003272740162628907e+00   1.028648660686225069e+00   1.642466465174781121e+01   1.347588162090929664e+01   6.108330132973928406e-02   1.532303885660357423e+01
9.135656424618346927e-01   9.968600446443359742e-01   1.021621944365308288e+00   1.666984265460020254e+01   1.369395507252972699e+01   5.980020719447180777e-02   1.586801178211193530e+01
9.155069545950854648e-01   9.902420894426313680e-01   1.014385704400278865e+00   1.696085080427611658e+01   1.390982453048712308e+01   5.838398679817256853e-02   1.644088313429327641e+01
9.174482667283362369e-01   9.834118296342920784e-01   1.006933141563175038e+00   1.722216773048082672e+01   1.414820484599972694e+01   5.710151271455746191e-02   1.704365273450738982e+01
9.193895788615870091e-01   9.763618551028230286e-01   9.992571020957147221e-01   1.753412656596991326e+01   1.438424622755647952e+01   5.568351816267472221e-02   1.767851379760009678e+01
9.213308909948377812e-01   9.690843611427909510e-01   9.913500486844919468e-01   1.781497638605214817e+01   1.463086142626469410e+01   5.439717348721914009e-02   1.834787373446775050e+01
9.232722031280885533e-01   9.615711154016254314e-01   9.832040282073093440e-01   1.814906418302791735e+01   1.489099364151229565e+01   5.298185656871707422e-02   1.905438609880328826e+01
9.252135152613393254e-01   9.538134220435949828e-01   9.748106358562115270e-01   1.845038484399599454e+01   1.514701338677580900e+01   5.169612613007250335e-02   1.980098216978724324e+01
9.271548273945900975e-01   9.458020805434445011e-01   9.661609751001100088e-01   1.881116467376950396e+01   1.543229700488048728e+01   5.027876247674772231e-02   2.059089601728429741e+01
9.290961395278408697e-01   9.375273407991926433e-01   9.572456128574592382e-01   1.913740945260631321e+01   1.571734547764315337e+01   4.898925024941196832e-02   2.142773343696577371e+01
9.310374516610916418e-01   9.289788517404531376e-01   9.480545292026245630e-01   1.952707819198768746e+01   1.601227159269596712e+01   4.757387882646109400e-02   2.231548602552598837e+01
9.329787637943424139e-01   9.201456044715996541e-01   9.385770607422299072e-01   1.987940761083191177e+01   1.633033837095085516e+01   4.628636941727728993e-02   2.325862467510305720e+01
9.349200759275931860e-01   9.110158670600867481e-01   9.288018366315602403e-01   2.030468629979501216e+01   1.664437171644269498e+01   4.486727121065071239e-02   2.426214640824649749e+01
9.368613880608439581e-01   9.015771114605968251e-01   9.187167060687349007e-01   2.068895873992499901e+01   1.699152407092877581e+01   4.357769391848403950e-02   2.533166512168664752e+01
9.388027001940947303e-01   8.918159299496438708e-01   9.083086558110224917e-01   2.115389617316771265e+01   1.734660721744387857e+01   4.215847154817995573e-02   2.647350613111862927e+01
9.407440123273455024e-01   8.817179401220300861e-01   8.975637159431317791e-01   2.157143429665887169e+01   1.770762236268529222e+01   4.087433074668551242e-02   2.769482871836853377e+01
9.426853244605962745e-01   8.712676752801371549e-01   8.864668518369557271e-01   2.208668354674611578e+01   1.811005410490112766e+01   3.944764606402373364e-02   2.900375031762537859e+01
9.446266365938470466e-01   8.604484591128311877e-01   8.750018396820561373e-01   2.254511596487153113e+01   1.851096138860996021e+01   3.816562578136795808e-02   3.040954297466860368e+01
9.465679487270978187e-01   8.492422601044609110e-01   8.631511224279200256e-01   2.311803426840799247e+01   1.894391843769172468e+01   3.673505498973132777e-02   3.192281273089447780e+01
9.485092608603485909e-01   8.376295222418548292e-01   8.508956422394934327e-01   2.361860971274014176e+01   1.940624469705645083e+01   3.546481069078456783e-02   3.355577792357820499e+01
9.504505729935993630e-01   8.255889677260483950e-01   8.382146445369945686e-01   2.426741192554343840e+01   1.986635840977483625e+01   3.402047858498863375e-02   3.532256429513905971e+01
9.523918851268501351e-01   8.130973639351850579e-01   8.250854475407156663e-01   2.483211869431821839e+01   2.039396252123555442e+01   3.274377728072103838e-02   3.723960007119912063e+01
9.543331972601009072e-01   8.001292490147305925e-01   8.114831694764921277e-01   2.555757660765712203e+01   2.093643053668207799e+01   3.130692949874636088e-02   3.932611730226982871e+01
9.562745093933516793e-01   7.866566038272821970e-01   7.973804035520241085e-01   2.621078179940209552e+01   2.148940155474779701e+01   3.001271041237033727e-02   4.160475286934942574e+01
9.582158215266024515e-01   7.726484588837365663e-01   7.827468278783342726e-01   2.702225507716945074e+01   2.213116037863871810e+01   2.859304142741704233e-02   4.410236040171307081e+01
7.446714868690175182e-01   1.172602076179146025e+00   1.223625942067490202e+00   6.440763722261878321e+00   5.319666315832519921e+00   1.820594772210258339e-01   2.067459753150647117e+00
7.466127990022682903e-01   1.172708442138741702e+00   1.223768704286395836e+00   6.497041647590272362e+00   5.364385571523127005e+00   1.804988340460607632e-01   2.099846978007145371e+00
7.485541111355190624e-01   1.172793305724894708e+00   1.223882333906372688e+00   6.553423579580972103e+00   5.409861786778797921e+00   1.789588741644994596e-01   2.133083686833751269e+00
7.504954232687698346e-01   1.172856249042297350e+00   1.223966424469395742e+00   6.609803682389837398e+00   5.455861163438860295e+00   1.774419189131257180e-01   2.167194841059532529e+00
7.524367354020206067e-01   1.172896833300910657e+00   1.224020544526056131e+00   6.668234970380119364e+00   5.502392566896806336e+00   1.758931469138152182e-01   2.202206535443782975e+00
7.543780475352713788e-01   1.172914598314946488e+00   1.224044237830294479e+00   6.727033070708771767e+00   5.549452460844850776e+00   1.743583814716353486e-01   2.238141036142288431e+00
7.563193596685221509e-01   1.172909062785379319e+00   1.224037023505896604e+00   6.785804487152449660e+00   5.597043669676900812e+00   1.728474589867783073e-01   2.275029843595238077e+00
7.582606718017729230e-01   1.172879723879418634e+00   1.223998396186985360e+00   6.845246106589081059e+00   5.645164410251071629e+00   1.713422286965593233e-01   2.312896814200832818e+00
7.602019839350236952e-01   1.172826057606812356e+00   1.223927826125827956e+00   6.906570928193063175e+00   5.693809663577526159e+00   1.698130765325614189e-01   2.351771218079196757e+00
7.621432960682744673e-01   1.172747518064056749e+00   1.223824759284293906e+00   6.967827217383857352e+00   5.742979974651278852e+00   1.683089263663424817e-01   2.391685395204348197e+00
7.640846082015252394e-01   1.172643537847761763e+00   1.223688617389839139e+00   7.028866304233083895e+00   5.792999983838996059e+00   1.668325284749755111e-01   2.432666462123447282e+00
7.660259203347760115e-01   1.172513527642536246e+00   1.223518797973275340e+00   7.092554776913792658e+00   5.843868831634725147e+00   1.653161046368028242e-01   2.474746818954521643e+00
7.679672324680267836e-01   1.172356876022490724e+00   1.223314674383259471e+00   7.156378212352038304e+00   5.895307677887515752e+00   1.638198598837302400e-01   2.517960638462209744e+00
7.699085446012775558e-01   1.172172949389732821e+00   1.223075595772719293e+00   7.219879619645083402e+00   5.947315008685058579e+00   1.623535309647385350e-01   2.562341661897209910e+00
7.718498567345283279e-01   1.171961091552702783e+00   1.222800887066686881e+00   7.285508095559633190e+00   5.999880056522902017e+00   1.608619572143484278e-01   2.607924598878054834e+00
7.737911688677791000e-01   1.171720623661144600e+00   1.222489848904030785e+00   7.351964627097649974e+00   6.052988528865171247e+00   1.593751715483575637e-01   2.654745685748889361e+00
7.757324810010298721e-01   1.171450844024661819e+00   1.222141757558175668e+00   7.417964251319185465e+00   6.106752978716956548e+00   1.579207993374105168e-01   2.702842115839829251e+00
7.776737931342806442e-01   1.171151027648875242e+00   1.221755864839542349e+00   7.485959464221188853e+00   6.161855765839112209e+00   1.564463490947739788e-01   2.752255285456874923e+00
7.796151052675314164e-01   1.170820426060913633e+00   1.221331397967521770e+00   7.555091470391101183e+00   6.217562634367995500e+00   1.549710457708468048e-01   2.803023801300078333e+00
7.815564174007821885e-01   1.170458266826130966e+00   1.220867559423488791e+00   7.623592728818571196e+00   6.273851407477586406e+00   1.535310592342617186e-01   2.855190458812351118e+00
7.834977295340329606e-01   1.170063753628369341e+00   1.220363526787917374e+00   7.694439266115625564e+00   6.330703476731890156e+00   1.520661497428455466e-01   2.908799467904550351e+00
7.854390416672837327e-01   1.169636065591362240e+00   1.219818452541880260e+00   7.766255269133385042e+00   6.388098669103547955e+00   1.506048958035187957e-01   2.963896851362238571e+00
7.873803538005345048e-01   1.169174356841608642e+00   1.219231463858962305e+00   7.837215854392534098e+00   6.446906444429201244e+00   1.491823599813599799e-01   3.020528462269272296e+00
7.893216659337852770e-01   1.168677756461761419e+00   1.218601662362835514e+00   7.911472881207940233e+00   6.506650692504415190e+00   1.477193657880964961e-01   3.078742896164938792e+00
7.912629780670360491e-01   1.168145367916849864e+00   1.217928123870796187e+00   7.985933027878776791e+00   6.566985228502004723e+00   1.462753774466767076e-01   3.138594433103834902e+00
7.932042902002868212e-01   1.167576268466177680e+00   1.217209898103195354e+00   8.059494171755906322e+00   6.627879801968941109e+00   1.448696709227596802e-01   3.200131482202471123e+00
7.951456023335375933e-01   1.166969508936517741e+00   1.216446008376150134e+00   8.137568904879621812e+00   6.689300391999508655e+00   1.434051769732794246e-01   3.263410350875159516e+00
7.970869144667883655e-01   1.166324113208929703e+00   1.215635451265884903e+00   8.214564471890358988e+00   6.752693233361436675e+00   1.419824650716426662e-01   3.328491274598412097e+00
7.990282266000391376e-01   1.165639077634295973e+00   1.214777196242944113e+00   8.292367416563378058e+00   6.816795324789255872e+00   1.405677075169173007e-01   3.395429785752219320e+00
8.009695387332899097e-01   1.164913370707608919e+00   1.213870185288841830e+00   8.373200175584617710e+00   6.881467592589078031e+00   1.391240321835820193e-01   3.464290103109669339e+00
8.029108508665406818e-01   1.164145932126530170e+00   1.212913332471034833e+00   8.452524541306498662e+00   6.946656992485405802e+00   1.377276015511679497e-01   3.535136872380523876e+00
8.048521629997914539e-01   1.163335672768994300e+00   1.211905523501852766e+00   8.535379600964960289e+00   7.013407263065856156e+00   1.362957158504672084e-01   3.608034002764726189e+00
8.067934751330422261e-01   1.162481473467323667e+00   1.210845615259796837e+00   8.618774258489734663e+00   7.081563764702273112e+00   1.348778188873257511e-01   3.683053860496723342e+00
8.087347872662929982e-01   1.161582185005045176e+00   1.209732435278032092e+00   8.701336453808153237e+00   7.150290456467046418e+00   1.334946868416606314e-01   3.760269364563017636e+00
8.106760993995437703e-01   1.160636626951600192e+00   1.208564781207032590e+00   8.788971446386893760e+00   7.219516808544393704e+00   1.320560243063177430e-01   3.839755747101831762e+00
8.126174115327945424e-01   1.159643587160985589e+00   1.207341420234512963e+00   8.874588285148004019e+00   7.290326497822463558e+00   1.306701279992557863e-01   3.921592737630238634e+00
8.145587236660453145e-01   1.158601821102365648e+00   1.206061088474759124e+00   8.963430354100294650e+00   7.362845683078731440e+00   1.292587519880005198e-01   4.005860563593035550e+00
8.165000357992960867e-01   1.157510050895893983e+00   1.204722490317611694e+00   9.053467364634197878e+00   7.435899649134731781e+00   1.278526783470282924e-01   4.092647428543263466e+00
8.184413479325468588e-01   1.156366964734843350e+00   1.203324297739020388e+00   9.142524748902413734e+00   7.509393992226482517e+00   1.264822351040032489e-01   4.182043301423789217e+00
8.203826600657976309e-01   1.155171215880727686e+00   1.201865149567218571e+00   9.237151797861612224e+00   7.585148658826016188e+00   1.250570783245272821e-01   4.274140283761480141e+00
8.223239721990484030e-01   1.153921421815994108e+00   1.200343650710350651e+00   9.328999897945887909e+00   7.662310082019709867e+00   1.236918677713857717e-01   4.369039487676641187e+00
8.242652843322991751e-01   1.152616163197876631e+00   1.198758371327441896e+00   9.425958227486670893e+00   7.739943733809632853e+00   1.222810599602252996e-01   4.466837862557566652e+00
8.262065964655499473e-01   1.151253983134665759e+00   1.197107845963813810e+00   9.522658589840215626e+00   7.818103945586746484e+00   1.208962783106543315e-01   4.567648006068639965e+00
8.281479085988007194e-01   1.149833385809415631e+00   1.195390572621478631e+00   9.620192983147587640e+00   7.899679093648999562e+00   1.195229022768737465e-01   4.671580109533491232e+00
8.300892207320514915e-01   1.148352835585569665e+00   1.193605011786071701e+00   9.721948536408595132e+00   7.981754282236223297e+00   1.181196167913253631e-01   4.778748145825263194e+00
8.320305328653022636e-01   1.146810755929550396e+00   1.191749585387345656e+00   9.820383044906021652e+00   8.064174410705311047e+00   1.167786175636415930e-01   4.889280684605488148e+00
8.339718449985530357e-01   1.145205527996836281e+00   1.189822675700981325e+00   9.927358748027719670e+00   8.149032505169396146e+00   1.153585316159099899e-01   5.003303091483353171e+00
8.359131571318038079e-01   1.143535489430291818e+00   1.187822624188138221e+00   1.003031276026811369e+01   8.235879295232169994e+00   1.140079593489889132e-01   5.120950387126163683e+00
8.378544692650545800e-01   1.141798933119957837e+00   1.185747730259813171e+00   1.013931854164967383e+01   8.323060500842967002e+00   1.126110131001157449e-01   5.242364655511093652e+00
8.397957813983053521e-01   1.139994105458413287e+00   1.183596249971847536e+00   1.024775743100919989e+01   8.411506420000209872e+00   1.112432757247793919e-01   5.367693139108820510e+00
8.417370935315561242e-01   1.138119205314296778e+00   1.181366394643488027e+00   1.035820355601251208e+01   8.503485574330152730e+00   1.098761188810259692e-01   5.497091986688266374e+00
8.436784056648068963e-01   1.136172382105428369e+00   1.179056329382907498e+00   1.047236070401941355e+01   8.595775397384491257e+00   1.084924797967808940e-01   5.630727174707589100e+00
8.456197177980576685e-01   1.134151734199690509e+00   1.176664171534283154e+00   1.058468387123540388e+01   8.688365257474488956e+00   1.071502699558014027e-01   5.768766124142388207e+00
8.475610299313084406e-01   1.132055307178916337e+00   1.174187989026656664e+00   1.070479539043076400e+01   8.785871196796582794e+00   1.057521667523775161e-01   5.911393432363774458e+00
8.495023420645592127e-01   1.129881092038885981e+00   1.171625798617858427e+00   1.081902500774013731e+01   8.883645687436221294e+00   1.044346501861810467e-01   6.058799501834995382e+00
8.514436541978099848e-01   1.127627022798606049e+00   1.168975564033747805e+00   1.094554721281406451e+01   8.981390825457220117e+00   1.030215302053132109e-01   6.211182217791860083e+00
8.533849663310607569e-01   1.125290975197799526e+00   1.166235193989912267e+00   1.106553245323785006e+01   9.084486734206592473e+00   1.016933419113087295e-01   6.368751025219599349e+00
8.553262784643115291e-01   1.122870763708874620e+00   1.163402540091393655e+00   1.119521064393013177e+01   9.188151562529801808e+00   1.002992082438107224e-01   6.531733764958222999e+00
8.572675905975623012e-01   1.120364139546722981e+00   1.160475394594177478e+00   1.132146695360076905e+01   9.291660186024529366e+00   9.895927304636026323e-02   6.700363906314251494e+00
8.592089027308130733e-01   1.117768788030389260e+00   1.157451488029477282e+00   1.145453975709417271e+01   9.400960238322376483e+00   9.758303796868995905e-02   6.874886967165109830e+00
8.611502148640638454e-01   1.115082326047286188e+00   1.154328486673013021e+00   1.158753341239155965e+01   9.510950943862763296e+00   9.623120696720766087e-02   7.055564818299865593e+00
