# freq   mass   ang   radius99   radius95   compactness   kappa
6.758499717975965382e-01   1.210278836255270107e+00   1.235169076667936183e+00   4.691458585242451740e+00   3.912260285262901593e+00   2.579749590164449047e-01   1.215651605332968010e+00
6.775758759365417827e-01   1.214271147062049749e+00   1.241068726611274542e+00   4.744797496261411673e+00   3.955832693322239635e+00   2.559163268861980867e-01   1.228521707157800291e+00
6.793017800754870272e-01   1.218124719082197771e+00   1.246748870004834364e+00   4.797931822319213779e+00   3.999246136145066632e+00   2.538853748224757512e-01   1.241707433466248123e+00
6.810276842144322718e-01   1.221847513705256461e+00   1.252222326150602694e+00   4.850538885068131023e+00   4.042283583198577723e+00   2.518993337970311663e-01   1.255214298757096447e+00
6.827535883533775163e-01   1.225446572693954295e+00   1.257500468303736074e+00   4.902929863904865293e+00   4.085240600299607117e+00   2.499416892979916538e-01   1.269053241205810645e+00
6.844794924923227608e-01   1.228928155472431172e+00   1.262593439248185012e+00   4.955485178808814339e+00   4.128007905029459579e+00   2.479935084313656390e-01   1.283229751582303235e+00
6.862053966312680053e-01   1.232297851345037998e+00   1.267510327061797115e+00   5.007734779995290708e+00   4.170628746335066417e+00   2.460788970429853562e-01   1.297754162986237247e+00
6.879313007702132499e-01   1.235560671045391246e+00   1.272259309708963393e+00   5.059756330485225106e+00   4.213173846684897583e+00   2.441937101992621706e-01   1.312630394028046599e+00
6.896572049091584944e-01   1.238721123792743128e+00   1.276847774976706873e+00   5.111618081544407666e+00   4.255660011882737237e+00   2.423344436207330865e-01   1.327870830162938942e+00
6.913831090481037389e-01   1.241783280266645306e+00   1.281282420698047320e+00   5.163368842055059638e+00   4.297967987163493930e+00   2.404986585797357357e-01   1.343478224467298032e+00
6.931090131870489834e-01   1.244750826888434858e+00   1.285569339100555375e+00   5.215255876948361013e+00   4.340474650322734718e+00   2.386749291420739716e-01   1.359464885219798580e+00
6.948349173259942280e-01   1.247627110827124852e+00   1.289714088241611600e+00   5.267242523946899624e+00   4.382763253418048954e+00   2.368653247225535330e-01   1.375838091146921682e+00
6.965608214649394725e-01   1.250415178713296882e+00   1.293721752870860442e+00   5.319203157293350692e+00   4.425108137865441549e+00   2.350756573376611147e-01   1.392604355363902258e+00
6.982867256038847170e-01   1.253117809879654487e+00   1.297596996579205131e+00   5.371155312605511156e+00   4.467605944429827503e+00   2.333050781344424562e-01   1.409774224801373377e+00
7.000126297428299615e-01   1.255737544753856127e+00   1.301344106701540992e+00   5.423138457984621574e+00   4.509999876585562006e+00   2.315518134900285407e-01   1.427357897950599641e+00
7.017385338817752061e-01   1.258276709199776633e+00   1.304967033178413782e+00   5.475162236200752375e+00   4.552330222625251999e+00   2.298154200582926132e-01   1.445360108609872629e+00
7.034644380207204506e-01   1.260737436757722207e+00   1.308469422337756427e+00   5.527255053717507138e+00   4.594993491646381933e+00   2.280946734871188153e-01   1.463794109411688416e+00
7.051903421596656951e-01   1.263121686212002714e+00   1.311854646375598010e+00   5.579415996753500195e+00   4.637701081979003881e+00   2.263895875387274270e-01   1.482666156844853811e+00
7.069162462986109396e-01   1.265431258947842252e+00   1.315125829206252206e+00   5.631666143025331195e+00   4.680421750250036261e+00   2.246992678205978478e-01   1.501987728630106878e+00
7.086421504375561842e-01   1.267667812594595489e+00   1.318285869193007498e+00   5.683990090951383856e+00   4.723184509623662208e+00   2.230242826448020355e-01   1.521766211561439430e+00
7.103680545765014287e-01   1.269832874064945827e+00   1.321337459219327437e+00   5.736405284896247458e+00   4.766018059835375631e+00   2.213638700543650584e-01   1.542010997743857637e+00
7.120939587154466732e-01   1.271927851002942589e+00   1.324283104468249039e+00   5.789215042153143642e+00   4.809075814407841598e+00   2.197064440933054474e-01   1.562735108936170514e+00
7.138198628543919178e-01   1.273954040961939427e+00   1.327125138216301403e+00   5.842324462118283712e+00   4.852384037406371142e+00   2.180560236293406506e-01   1.583948085963324814e+00
7.155457669933371623e-01   1.275912641197123776e+00   1.329865735910495061e+00   5.895576385637689043e+00   4.895804648507036561e+00   2.164186430194332822e-01   1.605661086771138946e+00
7.172716711322824068e-01   1.277804755979673024e+00   1.332506927749218528e+00   5.948970196020974655e+00   4.939359906784813958e+00   2.147942776439433488e-01   1.627883164343570055e+00
7.189975752712276513e-01   1.279631403838607184e+00   1.335050609957162404e+00   6.002472986777079633e+00   4.983065948855221805e+00   2.131840337570069799e-01   1.650626964270007546e+00
7.207234794101728959e-01   1.281393524231930536e+00   1.337498554907372572e+00   6.056054971508225471e+00   5.026940034128811519e+00   2.115888198275067689e-01   1.673904035280326941e+00
7.224493835491181404e-01   1.283091982641622053e+00   1.339852420246330889e+00   6.109688502252488718e+00   5.070996823996224201e+00   2.100093944508919230e-01   1.697722867129368929e+00
7.241752876880633849e-01   1.284727576326417875e+00   1.342113757114488770e+00   6.163671077558117162e+00   5.115249378303635019e+00   2.084354535082350302e-01   1.722100373144782370e+00
7.259011918270086294e-01   1.286301038676583630e+00   1.344284017598311731e+00   6.218498692448651610e+00   5.159710478779068410e+00   2.068507371785067162e-01   1.747043069365513013e+00
7.276270959659538740e-01   1.287813043654637113e+00   1.346364561470680510e+00   6.273380913483743271e+00   5.204389642616645162e+00   2.052821375610503207e-01   1.772568587308857468e+00
7.293530001048991185e-01   1.289264209231874014e+00   1.348356662315805643e+00   6.328272452994960773e+00   5.249297203756477792e+00   2.037308315671061409e-01   1.798687018586510034e+00
7.310789042438443630e-01   1.290655101424021955e+00   1.350261513102916311e+00   6.383109484255803601e+00   5.294439682909712452e+00   2.021984903451013726e-01   1.825413433949584885e+00
7.328048083827896075e-01   1.291986236744833150e+00   1.352080231261844734e+00   6.438513927236659384e+00   5.339824211481925431e+00   2.006652857081478170e-01   1.852760712648477304e+00
7.345307125217348521e-01   1.293258085798697721e+00   1.353813863317635091e+00   6.494829783733032436e+00   5.385454776069813043e+00   1.991211669685009067e-01   1.880742629834372126e+00
7.362566166606800966e-01   1.294471075478668354e+00   1.355463389124928586e+00   6.551055067109799346e+00   5.431334325759911152e+00   1.975973430566451139e-01   1.909373977622627283e+00
7.379825207996253411e-01   1.295625591367865814e+00   1.357029725747568527e+00   6.607095252836966637e+00   5.477464715325900180e+00   1.960960969665978271e-01   1.938668919268798030e+00
7.397084249385705856e-01   1.296721980186475776e+00   1.358513731009308056e+00   6.663689411591485978e+00   5.523843450457627924e+00   1.945952009604211552e-01   1.968642360734333296e+00
7.414343290775158302e-01   1.297760551547639807e+00   1.359916206762111557e+00   6.721399381978516274e+00   5.570470619369907617e+00   1.930789226760142308e-01   1.999310895057189397e+00
7.431602332164610747e-01   1.298741579879902019e+00   1.361237901877059508e+00   6.778873208965639385e+00   5.617336663795655660e+00   1.915866457219181085e-01   2.030690282791005608e+00
7.448861373554063192e-01   1.299665306186852831e+00   1.362479515005078357e+00   6.835975439042501378e+00   5.664621386747439757e+00   1.901214124854863075e-01   2.062796551466581807e+00
7.466120414943515637e-01   1.300531939507663992e+00   1.363641697118704421e+00   6.894726866867500803e+00   5.712410511599380847e+00   1.886270427560153840e-01   2.095647361266825381e+00
7.483379456332968083e-01   1.301341658343858620e+00   1.364725053844166869e+00   6.953664728240059212e+00   5.760484764295902949e+00   1.871447228479222735e-01   2.129259184387941595e+00
7.500638497722420528e-01   1.302094611898610532e+00   1.365730147627131519e+00   7.012104387787419846e+00   5.808829443458844111e+00   1.856924169820395321e-01   2.163650542172392388e+00
7.517897539111872973e-01   1.302790921614132458e+00   1.366657499721575464e+00   7.071538529655660987e+00   5.857434049682397337e+00   1.842301949074680589e-01   2.198838156125031862e+00
7.535156580501325418e-01   1.303430681732720586e+00   1.367507592030994923e+00   7.131925581518120616e+00   5.906282173500915000e+00   1.827599947355688648e-01   2.234843311128968946e+00
7.552415621890777864e-01   1.304013960723181986e+00   1.368280868805634931e+00   7.191648238767327506e+00   5.955350932382895479e+00   1.813233792072531381e-01   2.271683089603401484e+00
7.569674663280230309e-01   1.304540802114274811e+00   1.368977738219240736e+00   7.252255005340296989e+00   6.004999372530988033e+00   1.798807131235261869e-01   2.309380800537832013e+00
7.586933704669682754e-01   1.305011225120210838e+00   1.369598573817791154e+00   7.314021198961278891e+00   6.055297014364949604e+00   1.784259560671694056e-01   2.347953092073046477e+00
7.604192746059135199e-01   1.305425225842213877e+00   1.370143715865220324e+00   7.374906231791414690e+00   6.105845128828338630e+00   1.770090608358985407e-01   2.387424207284447597e+00
7.621451787448587645e-01   1.305782777545573481e+00   1.370613472587336235e+00   7.437211490762654975e+00   6.156612180881203322e+00   1.755742430032295465e-01   2.427814304812969226e+00
7.638710828838040090e-01   1.306083831797650419e+00   1.371008121321415363e+00   7.500216337686166135e+00   6.207563631183028008e+00   1.741394878485038877e-01   2.469146539129358775e+00
7.655969870227492535e-01   1.306328318479245354e+00   1.371327909576003590e+00   7.562057750100362519e+00   6.259041049789145106e+00   1.727477310606240768e-01   2.511444941034525868e+00
7.673228911616944981e-01   1.306516146785611454e+00   1.371573056017875158e+00   7.626643540766963270e+00   6.311428825286450106e+00   1.713094547820211422e-01   2.554731840578862379e+00
7.690487953006397426e-01   1.306647205595822925e+00   1.371743751374283171e+00   7.690653946816695452e+00   6.364015889488460864e+00   1.699006631466845052e-01   2.599031436671466633e+00
7.707746994395849871e-01   1.306721364037684685e+00   1.371840159272710080e+00   7.754422287355395405e+00   6.416753469920887909e+00   1.685130517290070462e-01   2.644372602478698209e+00
7.725006035785302316e-01   1.306738471391895473e+00   1.371862417011222357e+00   7.820661551980066406e+00   6.469584429085015742e+00   1.670879711015048619e-01   2.690777428799313586e+00
7.742265077174754762e-01   1.306698358209018807e+00   1.371810636266939554e+00   7.885320169734150397e+00   6.523908675002298097e+00   1.657127840191520707e-01   2.738274634535265761e+00
7.759524118564207207e-01   1.306600836106781571e+00   1.371684903752634410e+00   7.952279524297984459e+00   6.578389681352644125e+00   1.643051947701909266e-01   2.786891676491166869e+00
7.776783159953659652e-01   1.306445698298944080e+00   1.371485281804581735e+00   8.019210248296070986e+00   6.632955772557464158e+00   1.629145087668126546e-01   2.836658157029632310e+00
7.794042201343112097e-01   1.306232719633840134e+00   1.371211808940723476e+00   8.085692439770006956e+00   6.687720189011497673e+00   1.615486526805112177e-01   2.887602428389199005e+00
8.805633361965715666e-01   1.174617403392858250e+00   1.215607929553227384e+00   1.383939211017202275e+01   1.140996193820021176e+01   8.487492760101135458e-02   9.925672528949894158e+00
8.825046483298223388e-01   1.169213037090571561e+00   1.209477414920656413e+00   1.400865588903564962e+01   1.154918699425188144e+01   8.346361323684850508e-02   1.021228839299537228e+01
8.844459604630731109e-01   1.163665521366056055e+00   1.203198342195960002e+00   1.418247843328074786e+01   1.169371129984431690e+01   8.204951813185111520e-02   1.050997427489343039e+01
8.863872725963238830e-01   1.157971874339636997e+00   1.196767995333547940e+00   1.436228174241914779e+01   1.183602997616639563e+01   8.062589880266414488e-02   1.081930196183891368e+01
8.883285847295746551e-01   1.152128992794473561e+00   1.190183538860809520e+00   1.454066882393750682e+01   1.199002742437172486e+01   7.923493800352475469e-02   1.114089665176589605e+01
8.902698968628254272e-01   1.146133644198698676e+00   1.183442011050436671e+00   1.473323659024834775e+01   1.214013184084731201e+01   7.779238710910968413e-02   1.147541210510706478e+01
8.922112089960761994e-01   1.139982460256646846e+00   1.176540316536237141e+00   1.491610043072276248e+01   1.230005386977712512e+01   7.642630629575405954e-02   1.182356479807447514e+01
8.941525211293269715e-01   1.133671927768432397e+00   1.169475218332411082e+00   1.512238422957630490e+01   1.246061091475073823e+01   7.496648085102883274e-02   1.218611644338263211e+01
8.960938332625777436e-01   1.127198380125832955e+00   1.162243329181322560e+00   1.530871283630516011e+01   1.262512326007056274e+01   7.363116626321722369e-02   1.256388189920829213e+01
8.980351453958285157e-01   1.120557988066821054e+00   1.154841102188107094e+00   1.553160960533629797e+01   1.279707295833468095e+01   7.214693238760157279e-02   1.295774452157365886e+01
8.999764575290792878e-01   1.113746748728772218e+00   1.147264820622638792e+00   1.573239404057819257e+01   1.296662285501719936e+01   7.079321467896822206e-02   1.336865553436263632e+01
9.019177696623300600e-01   1.106760474753627932e+00   1.139510586859483254e+00   1.596252751125909164e+01   1.315109900151010258e+01   6.933491415898765386e-02   1.379763755138677972e+01
9.038590817955808321e-01   1.099594781848281855e+00   1.131574310304072295e+00   1.617895376129029827e+01   1.332989059179519309e+01   6.796451724085941781e-02   1.424579960519527155e+01
9.058003939288316042e-01   1.092245075374762564e+00   1.123451694243726262e+00   1.641682178619472054e+01   1.352444389281711778e+01   6.653206629149475970e-02   1.471434245278439512e+01
9.077417060620823763e-01   1.084706535657574022e+00   1.115138221458709111e+00   1.665231889464562443e+01   1.371729637791963796e+01   6.513846765247510717e-02   1.520456371025953679e+01
9.096830181953331484e-01   1.076974102030817448e+00   1.106629138489529485e+00   1.689740821811711058e+01   1.391918405121391622e+01   6.373605277974549177e-02   1.571787566290889160e+01
9.116243303285839206e-01   1.069042455530166080e+00   1.097919438369804102e+00   1.715360222863617068e+01   1.412764377816471573e+01   6.232174684250926106e-02   1.625581889756825404e+01
9.135656424618346927e-01   1.060905998988573629e+00   1.089003841660594940e+00   1.740540473851148917e+01   1.433754124548975106e+01   6.095267619035570766e-02   1.682006394558926132e+01
9.155069545950854648e-01   1.052558836601861003e+00   1.079876775572295777e+00   1.768715974784291234e+01   1.456348810892224321e+01   5.950977158614902812e-02   1.741244263090744226e+01
9.174482667283362369e-01   1.043994749733201388e+00   1.070532350925368359e+00   1.794597993817821546e+01   1.478223706277055882e+01   5.817429604455372216e-02   1.803495148417190563e+01
9.193895788615870091e-01   1.035207171837214446e+00   1.060964336678662967e+00   1.825553369930679892e+01   1.502773390571738865e+01   5.670648631195720352e-02   1.868978644436143810e+01
9.213308909948377812e-01   1.026189159190266764e+00   1.051166131705263185e+00   1.853003762983004776e+01   1.526543450357893228e+01   5.537976660869191325e-02   1.937936012088174920e+01
9.232722031280885533e-01   1.016933359485051369e+00   1.041130733435204681e+00   1.886347585260776683e+01   1.552385768591611637e+01   5.391017898456217788e-02   2.010632175580881409e+01
9.252135152613393254e-01   1.007431976318116540e+00   1.030850702927713192e+00   1.916706258489207215e+01   1.578453311147820770e+01   5.256058260654911107e-02   2.087360252498005053e+01
9.271548273945900975e-01   9.976767297329161011e-01   1.020318125888705962e+00   1.951608982529694103e+01   1.605569469220990442e+01   5.112072852010129953e-02   2.168444806689518245e+01
9.290961395278408697e-01   9.876588117202800277e-01   1.009524568991145399e+00   1.985141406271879205e+01   1.634276775407480997e+01   4.975256717732344514e-02   2.254245322388899098e+01
9.310374516610916418e-01   9.773688371911930517e-01   9.984610308401488110e-01   2.021849344763016632e+01   1.662798354068898021e+01   4.834033948784406676e-02   2.345162299451874333e+01
9.329787637943424139e-01   9.667967872865119716e-01   9.871178867215351094e-01   2.059346848762049831e+01   1.694535985499769382e+01   4.694676799431283382e-02   2.441642225784937992e+01
9.349200759275931860e-01   9.559319467795148739e-01   9.754848261468052062e-01   2.098037099681393869e+01   1.725225631113170977e+01   4.556315743533238816e-02   2.544184960100023929e+01
9.368613880608439581e-01   9.447628323584922327e-01   9.635507820317521510e-01   2.139848062348640667e+01   1.759866692858550152e+01   4.415093057221761152e-02   2.653351870903813037e+01
9.388027001940947303e-01   9.332771108728366016e-01   9.513038500473333103e-01   2.180732964412861463e+01   1.794308273395369824e+01   4.279648751602703471e-02   2.769776379002079381e+01
9.407440123273455024e-01   9.214615065931184290e-01   9.387311964725115754e-01   2.228017606416429786e+01   1.830990699101911545e+01   4.135790955777985528e-02   2.894173641473188141e+01
9.426853244605962745e-01   9.093016940230427281e-01   9.258189524252237179e-01   2.271725040494342096e+01   1.869885139236591343e+01   4.002692569806656081e-02   3.027356308292094411e+01
9.446266365938470466e-01   8.967821751809880171e-01   9.125520919703984379e-01   2.324913619464222236e+01   1.908813661055876665e+01   3.857270944060502138e-02   3.170251096519155709e+01
9.465679487270978187e-01   8.838861367452182094e-01   8.989142909236372825e-01   2.371702610485077045e+01   1.952984956417653706e+01   3.726800033181393301e-02   3.323919201996034190e+01
9.485092608603485909e-01   8.705952844908324550e-01   8.848877625273727787e-01   2.432495794031425973e+01   1.996219765184684647e+01   3.579020718666801187e-02   3.489582120934049669e+01
9.504505729935993630e-01   8.568896494956560472e-01   8.704530651527611074e-01   2.484058593553345773e+01   2.044896477470983953e+01   3.449554900675309843e-02   3.668653109545630286e+01
9.523918851268501351e-01   8.427473594708771998e-01   8.555888759532281895e-01   2.552762009591687331e+01   2.095178657443501535e+01   3.301315815200783765e-02   3.862774907663654744e+01
9.543331972601009072e-01   8.281443689244271100e-01   8.402717227973925951e-01   2.610662720610134713e+01   2.147124275981829555e+01   3.172161468375672005e-02   4.073870681518616266e+01
9.562745093933516793e-01   8.130541371486970093e-01   8.244756646391103727e-01   2.688814923828126169e+01   2.206075466483983760e+01   3.023838234247575377e-02   4.304204670390802079e+01
9.582158215266024515e-01   7.974472412477098260e-01   8.081719076352438247e-01   2.754593034178518707e+01   2.264679617723097138e+01   2.894972982771396725e-02   4.556462011041744375e+01
9.601571336598532236e-01   7.812909085376986695e-01   7.913283404343433025e-01   2.844246212715932742e+01   2.331157437665975607e+01   2.746917285306514980e-02   4.833850794272716200e+01
9.620984457931039957e-01   7.645484454368443039e-01   7.739089667601054545e-01   2.920566702807460402e+01   2.402175942230525507e+01   2.617808539356094449e-02   5.140237549154871033e+01
9.640397579263547678e-01   7.471785333652860572e-01   7.558732060359115712e-01   3.024532488555514931e+01   2.473339131461105467e+01   2.470393477975601701e-02   5.480323191531535798e+01
9.659810700596055399e-01   7.291343527347179387e-01   7.371750223719004680e-01   3.118537867412486264e+01   2.559888207210669364e+01   2.338064771808256309e-02   5.859880979324162809e+01
9.679223821928563121e-01   7.103624800271290951e-01   7.177618273563128870e-01   3.235756242070418409e+01   2.649676209082665679e+01   2.195352266623765494e-02   6.286083370166900863e+01
9.698636943261070842e-01   6.908014798036674620e-01   6.975730802309463296e-01   3.354535232830683356e+01   2.742381413102025078e+01   2.059306079253021143e-02   6.767949961222002742e+01
9.718050064593578563e-01   6.703800849697927333e-01   6.765384764879752710e-01   3.488338840907926652e+01   2.856089390771762382e+01   1.921774562459963726e-02   7.316985427601886727e+01
9.737463185926086284e-01   6.490148036454002067e-01   6.545755662430912114e-01   3.644188885508605580e+01   2.977728667079492197e+01   1.780958188600642936e-02   7.948097386796206365e+01
9.756876307258594005e-01   6.266067171246731959e-01   6.315865658660424486e-01   3.791752558317023869e+01   3.107171845283139078e+01   1.652551709235989055e-02   8.680954934547536084e+01
9.776289428591101727e-01   6.030371050196663418e-01   6.074540006688998739e-01   4.003439210248868818e+01   3.260287855282778935e+01   1.506297643975413984e-02   9.542055828636145520e+01
9.795702549923609448e-01   5.781613244649861372e-01   5.820346068341737400e-01   4.215311696034217448e+01   3.440117564797079552e+01   1.371574313256413921e-02   1.056796973982148700e+02
9.809569065161115597e-01   5.594955776308552231e-01   5.629932519986446948e-01   4.393184276087421125e+01   3.577510735313132528e+01   1.273553628688535444e-02   1.142960295620357556e+02
9.823435580398621747e-01   5.399933651488026953e-01   5.431267039830515175e-01   4.583182273463865641e+01   3.736058218673890963e+01   1.178206174071030204e-02   1.242727799419988912e+02
9.837302095636127897e-01   5.195594315132439078e-01   5.223403910011887863e-01   4.819915201734223587e+01   3.920846382930978535e+01   1.077943096024395683e-02   1.359579643012230861e+02
9.851168610873634046e-01   4.980779990220298714e-01   5.005192897077216374e-01   5.069890688726243866e+01   4.105618190772295861e+01   9.824235463884660458e-03   1.498294649482821512e+02
9.865035126111140196e-01   4.754059303867279596e-01   4.775210953029425665e-01   5.368478976088178456e+01   4.361759974303900833e+01   8.855505116146314415e-03   1.665621106724762512e+02
9.874939779852215382e-01   4.583844952184108479e-01   4.602755039907510670e-01   5.594230394048422284e+01   4.544809158000458638e+01   8.193879460275286034e-03   1.807942642613044484e+02
9.884844433593290569e-01   4.405831710008669688e-01   4.422577347446720597e-01   5.920226373435966138e+01   4.779223424388747077e+01   7.441998721159751723e-03   1.974848564798687960e+02
9.894749087334365756e-01   4.219028730942682159e-01   4.233690171890516218e-01   6.160768831617986052e+01   5.017409330326641026e+01   6.848217886848791645e-03   2.173334839985706139e+02
9.904653741075440943e-01   4.022208951487300510e-01   4.034868454581803099e-01   6.628318437763557824e+01   5.324944126345086914e+01   6.068219246334855856e-03   2.413377118721268744e+02
7.742021733917678894e-01   6.956454181256503944e-01   4.701674526419854505e-01   1.851425176017241769e+00   1.502307966687059793e+00   3.757350970143510938e-01   9.907378560803008494e-01
7.452780172521185076e-01   7.324561463020700103e-01   5.186485436508386782e-01   1.944949641949861086e+00   1.599409233492742111e+00   3.765938873192440361e-01   9.884613033274577409e-01
7.214634600223208682e-01   7.679928776278757141e-01   5.671296555143908735e-01   2.048664199765349636e+00   1.697789666497476535e+00   3.748749442274825761e-01   9.866639891827458930e-01
6.907286544307207343e-01   8.249801707594314193e-01   6.479315589251177787e-01   2.236305786612161395e+00   1.866459891198423371e+00   3.689031149935965148e-01   9.844659890488378640e-01
6.688816045157194301e-01   8.798574909267244948e-01   7.287335348616106323e-01   2.440884604043963790e+00   2.044353326963590956e+00   3.604666478165376442e-01   9.836204284750631466e-01
6.542286276604961648e-01   9.332688439623096910e-01   8.095355958999989054e-01   2.665541091522631412e+00   2.236184433046792375e+00   3.501236003940950692e-01   9.851139107698528852e-01
6.457610260259877277e-01   9.857510744649289336e-01   8.903377563265753025e-01   2.916749141057808803e+00   2.448009973695820296e+00   3.379622404234015054e-01   9.906950415277975264e-01
6.429467310866771035e-01   1.037779643318799572e+00   9.711400321131150593e-01   3.204292252108928984e+00   2.688302724228949003e+00   3.238717200766494386e-01   1.003422818242420078e+00
6.437232559399773679e-01   1.065947611484943991e+00   1.014933260106872792e+00   3.380392233782366418e+00   2.834664133794773999e+00   3.153325229043734135e-01   1.015100869773672754e+00
6.456645680732281400e-01   1.089803634720624359e+00   1.051942442496605290e+00   3.543687940278740012e+00   2.969798123586773642e+00   3.075337481987486798e-01   1.028810341467715883e+00
6.476058802064789122e-01   1.105540888022005674e+00   1.076281181849630952e+00   3.659554872079361587e+00   3.065498620871676572e+00   3.020970928614158391e-01   1.040329766406674183e+00
6.495471923397296843e-01   1.118124598974304718e+00   1.095684059051265313e+00   3.757561443230532205e+00   3.146342167568916270e+00   2.975665510376874767e-01   1.051277559577620035e+00
6.514885044729804564e-01   1.128880058183312940e+00   1.112218283859652823e+00   3.845673651612891764e+00   3.218754705768297253e+00   2.935454644493444842e-01   1.062067484773491222e+00
6.534298166062312285e-01   1.138397926088941858e+00   1.126806355746537536e+00   3.927103930307716428e+00   3.285781445304611026e+00   2.898823016379248885e-01   1.072881076230729480e+00
6.553711287394820006e-01   1.147002774175348350e+00   1.139955866389171124e+00   4.003770624810809586e+00   3.348856075512223640e+00   2.864806407908414565e-01   1.083814890291860289e+00
6.573124408727327728e-01   1.154895693980847682e+00   1.151981738948846035e+00   4.077067831954093613e+00   3.409018900922815121e+00   2.832662446597850603e-01   1.094931462495894126e+00
6.592537530059835449e-01   1.162211489077890292e+00   1.163095398504916611e+00   4.147402651991772160e+00   3.466874215128651127e+00   2.802263456430359456e-01   1.106274899124114919e+00
6.611950651392343170e-01   1.169045730312404885e+00   1.173446975376167378e+00   4.215866123970813284e+00   3.522861014631360366e+00   2.772966920522873524e-01   1.117873385877920400e+00
7.794042201343112097e-01   1.306232719653849017e+00   1.371211808940553611e+00   8.085692439770950202e+00   6.687720189011942651e+00   1.615486526829669756e-01   2.887602564935212168e+00
7.811301242732564543e-01   1.305961657013085642e+00   1.370864500352655835e+00   8.154946739804675104e+00   6.744045751258438415e+00   1.601434931069047884e-01   2.939755542104548702e+00
7.828560284122016988e-01   1.305632249648738474e+00   1.370443348356195301e+00   8.222007329321398217e+00   6.800437467063600749e+00   1.587972617091425731e-01   2.993148839503877223e+00
7.845819325511469433e-01   1.305244219094788605e+00   1.369948322805482732e+00   8.292763377323115748e+00   6.856806673881821190e+00   1.573955700537687796e-01   3.047816733625941854e+00
7.863078366900921878e-01   1.304797269125515413e+00   1.369379371456111105e+00   8.362074615683042111e+00   6.914182732783889840e+00   1.560375061325538215e-01   3.103789151686107584e+00
7.880337408290374324e-01   1.304291086422722401e+00   1.368736420294050182e+00   8.432882307670309885e+00   6.972481403118002241e+00   1.546672939140128211e-01   3.161105368592698639e+00
7.897596449679826769e-01   1.303725340203072847e+00   1.368019373827519258e+00   8.504506784537305464e+00   7.030706109542251170e+00   1.532981715733916228e-01   3.219796528252455214e+00
7.914855491069279214e-01   1.303099682357810929e+00   1.367228115333553928e+00   8.575450738345592683e+00   7.089254384063611525e+00   1.519569900309648003e-01   3.279902585499231193e+00
7.932114532458731659e-01   1.302413747685250200e+00   1.366362507087350631e+00   8.649432035208745262e+00   7.149529863973548061e+00   1.505779503652482088e-01   3.341462171850852148e+00
7.949373573848184105e-01   1.301667153598941695e+00   1.365422390534891228e+00   8.720768599198809312e+00   7.209661509896600151e+00   1.492606000024502555e-01   3.404513876653930904e+00
7.966632615237636550e-01   1.300859500253068290e+00   1.364407586458311616e+00   8.797091130931304903e+00   7.269709060378970911e+00   1.478738233913637623e-01   3.469099548329135807e+00
7.983891656627088995e-01   1.299990370543696372e+00   1.363317895080621511e+00   8.869895370673100743e+00   7.332016109795429060e+00   1.465620862723936990e-01   3.535262040805531747e+00
8.001150698016541440e-01   1.299059329987471756e+00   1.362153096170085842e+00   8.947677109044244403e+00   7.394085921009613926e+00   1.451839750312840793e-01   3.603042714201082131e+00
8.018409739405993886e-01   1.298065926553249483e+00   1.360912949086697799e+00   9.022685617440359351e+00   7.455989737291297992e+00   1.438669129781224854e-01   3.672491716476618873e+00
8.035668780795446331e-01   1.297009690565573692e+00   1.359597192818210010e+00   9.101368935732329746e+00   7.520362712370762814e+00   1.425070997257855410e-01   3.743652138122470330e+00
8.052927822184898776e-01   1.295890134742649025e+00   1.358205545980666562e+00   9.178505064938031310e+00   7.584374767062689315e+00   1.411874946490971061e-01   3.816573723611204283e+00
8.070186863574351221e-01   1.294706753837090218e+00   1.356737706784772790e+00   9.258417588842267065e+00   7.648531772303504006e+00   1.398410410216751609e-01   3.891306680672449669e+00
8.087445904963803667e-01   1.293459024511889766e+00   1.355193352983092625e+00   9.337702784772652365e+00   7.714977075636884507e+00   1.385200465601863773e-01   3.967905019567314451e+00
8.104704946353256112e-01   1.292146405150901955e+00   1.353572141779488369e+00   9.418952436648723392e+00   7.780898583506341559e+00   1.371857872562577130e-01   4.046424050803294925e+00
8.121963987742708557e-01   1.290768335465600103e+00   1.351873709721210570e+00   9.500318640897475575e+00   7.847757753942123493e+00   1.358657940070590875e-01   4.126917670799672422e+00
8.139223029132161003e-01   1.289324236646962163e+00   1.350097672549784411e+00   9.583271948690107678e+00   7.916243250222245287e+00   1.345390429855425063e-01   4.209444928312978007e+00
8.156482070521613448e-01   1.287813510398905237e+00   1.348243625034610593e+00   9.666684473830688518e+00   7.983991034790985708e+00   1.332218418719706143e-01   4.294066774078853399e+00
8.173741111911065893e-01   1.286235539534800409e+00   1.346311140770474868e+00   9.751469680478459523e+00   8.054068433098906965e+00   1.319017114014849612e-01   4.380847193300983378e+00
8.191000153300518338e-01   1.284589686725666979e+00   1.344299771950374867e+00   9.836836267350598462e+00   8.124508692074014604e+00   1.305897192768515624e-01   4.469851310681931089e+00
8.208259194689970784e-01   1.282875294734253879e+00   1.342209049106778629e+00   9.923875445502231329e+00   8.194594933157592465e+00   1.292716037982608590e-01   4.561145509488297556e+00
8.225518236079423229e-01   1.281091685981664341e+00   1.340038480823189992e+00   1.001111285610160806e+01   8.267828228089202369e+00   1.279669607561021993e-01   4.654804099784575655e+00
8.242777277468875674e-01   1.279238161722787481e+00   1.337787553417849828e+00   1.010056404983906120e+01   8.340063955498948189e+00   1.266501707637971430e-01   4.750895872958799337e+00
8.260036318858328119e-01   1.277314002169191554e+00   1.335455730593183121e+00   1.018950845736526034e+01   8.414176969788597305e+00   1.253558017556689330e-01   4.849500561387199760e+00
8.277295360247780565e-01   1.275318465514033051e+00   1.333042453052572851e+00   1.028187135234052185e+01   8.489343059256073687e+00   1.240356372698365739e-01   4.950696899383481231e+00
8.294554401637233010e-01   1.273250787827236996e+00   1.330547138088705506e+00   1.037240124187946755e+01   8.563779096729904339e+00   1.227537151847131608e-01   5.054566934131361045e+00
8.311813443026685455e-01   1.271110182264123978e+00   1.327969179137086231e+00   1.046787622062987921e+01   8.642000159764071654e+00   1.214296152794628603e-01   5.161198211364669497e+00
8.329072484416137900e-01   1.268895838663297582e+00   1.325307945289156297e+00   1.055968593789290821e+01   8.718827174213275910e+00   1.201641645524634261e-01   5.270679830594618309e+00
8.346331525805590346e-01   1.266606922749360820e+00   1.322562780775332181e+00   1.065888054669064111e+01   8.798287295478353087e+00   1.188311396493336031e-01   5.383106657277723528e+00
8.363590567195042791e-01   1.264242575626212783e+00   1.319733004412820598e+00   1.075182543413730585e+01   8.878290697694804834e+00   1.175839938409167229e-01   5.498572046031306115e+00
8.380849608584495236e-01   1.261801913244880780e+00   1.316817909000639553e+00   1.085499959956134930e+01   8.958480591453762187e+00   1.162415439698284425e-01   5.617183047111546479e+00
8.398108649973947681e-01   1.259284025426609332e+00   1.313816760696524533e+00   1.095079466737284157e+01   9.041792110310137076e+00   1.149947619033129809e-01   5.739042480436802762e+00
8.415367691363400127e-01   1.256687975189379358e+00   1.310728798327748468e+00   1.105643752452844453e+01   9.123123553416130349e+00   1.136612016665808356e-01   5.864261146031566341e+00
8.432626732752852572e-01   1.254012798033159015e+00   1.307553232675002786e+00   1.115652374963159588e+01   9.209616021204057645e+00   1.124017504175140875e-01   5.992955971884469157e+00
8.449885774142305017e-01   1.251257501044506171e+00   1.304289245703533773e+00   1.126339384421521217e+01   9.294373023083030816e+00   1.110906284864700833e-01   6.125246835027270187e+00
8.467144815531757462e-01   1.248421062014699601e+00   1.300935989741591303e+00   1.136809286327918578e+01   9.382060173144305182e+00   1.098179859215704934e-01   6.261261861541516538e+00
8.484403856921209908e-01   1.245502428408258311e+00   1.297492586615808019e+00   1.147587246980276454e+01   9.470388977626681637e+00   1.085322646871192259e-01   6.401130834986112461e+00
8.501662898310662353e-01   1.242500516691961820e+00   1.293958126727992264e+00   1.158603437748426046e+01   9.559463328763882828e+00   1.072412247547424313e-01   6.544995406277767103e+00
8.518921939700114798e-01   1.239414210684685713e+00   1.290331668074059301e+00   1.169423025458754140e+01   9.651523756756738237e+00   1.059851040814314971e-01   6.692996201797568823e+00
8.536180981089567243e-01   1.236242361097652065e+00   1.286612235209063870e+00   1.181028428749518255e+01   9.742144466324102581e+00   1.046750722509359743e-01   6.845284906185120199e+00
8.553440022479019689e-01   1.232983783984195725e+00   1.282798818138512376e+00   1.191810460921057313e+01   9.838126895468263911e+00   1.034546871682363589e-01   7.002025810515442039e+00
8.570699063868472134e-01   1.229637259531159543e+00   1.278890371157640260e+00   1.204116347982285440e+01   9.931021464229177198e+00   1.021194722247263792e-01   7.163377910869587417e+00
8.587958105257924579e-01   1.226201530819707841e+00   1.274885811600517505e+00   1.215493490498382201e+01   1.003057735700500963e+01   1.008809623749556267e-01   7.329521214837326326e+00
8.605217146647377024e-01   1.222675302657535212e+00   1.270784018533188453e+00   1.227877113315385671e+01   1.012744196398959318e+01   9.957635738939664416e-02   7.500636732946840191e+00
8.622476188036829470e-01   1.219057239439393925e+00   1.266583831348899514e+00   1.239938792118181610e+01   1.022929557954206814e+01   9.831592068805945772e-02   7.676918210493854033e+00
8.639735229426281915e-01   1.215345964342532170e+00   1.262284048296768546e+00   1.252301657863023898e+01   1.033033328385804772e+01   9.704897831217804138e-02   7.858568268285526237e+00
8.656994270815734360e-01   1.211540057366050860e+00   1.257883424896183433e+00   1.265177669989321707e+01   1.043470282869198051e+01   9.576046796465166600e-02   8.045797900491796995e+00
8.674253312205186806e-01   1.207638053547157142e+00   1.253380672284117869e+00   1.277429665255342961e+01   1.054012358094321833e+01   9.453655934205698608e-02   8.238831062992266752e+00
8.691512353594639251e-01   1.203638441049974972e+00   1.248774455421576945e+00   1.291193768627953631e+01   1.064730176895257863e+01   9.321904041784398465e-02   8.437907529085551417e+00
8.708771394984091696e-01   1.199539659500032940e+00   1.244063391229063065e+00   1.303881675575059873e+01   1.075732829588659811e+01   9.199758551488131098e-02   8.643273315278200641e+00
8.721099281690843918e-01   1.196550352194321931e+00   1.240633361312941219e+00   1.313897394529279516e+01   1.083669909325951863e+01   9.106878186808500808e-02   8.793957052347170844e+00
8.733427168397596141e-01   1.193509023747651554e+00   1.237148569277975563e+00   1.323991732542825517e+01   1.091455308964429172e+01   9.014474897478610971e-02   8.948080831609171781e+00
8.745755055104348363e-01   1.190415056423489659e+00   1.233608462644933512e+00   1.333506998971571100e+01   1.099910319191176988e+01   8.926950194798849436e-02   9.105753662797802406e+00
8.758082941811100586e-01   1.187267817582210228e+00   1.230012474506096298e+00   1.343433807790484202e+01   1.108027289240433788e+01   8.837560962790443064e-02   9.267078817662111945e+00
8.770410828517852808e-01   1.184066659666996202e+00   1.226360023061126681e+00   1.354179929724915787e+01   1.116374843624864432e+01   8.743791232436327887e-02   9.432167310890832823e+00
8.779216461879818523e-01   1.181746739632444587e+00   1.223716229629629337e+00   1.361468018158533155e+01   1.122597696210403662e+01   8.679944911455413081e-02   9.552460504897382521e+00
8.788022095241784237e-01   1.179398725092369205e+00   1.221043101479873050e+00   1.368453220238445311e+01   1.128640412588881148e+01   8.618480395602164112e-02   9.674779545575859174e+00
8.796827728603749952e-01   1.177022364824892975e+00   1.218340411826095648e+00   1.375701847974517555e+01   1.134512434564164352e+01   8.555795476744137984e-02   9.799168352786162828e+00
8.805633361965715666e-01   1.174617403419574657e+00   1.215607929553128796e+00   1.383939211013298021e+01   1.140996193816641480e+01   8.487492760318125773e-02   9.925671449581949801e+00
