# freq   mass   ang   radius99   radius95   compactness   kappa
6.689603136722374055e-01   1.193073057851847807e+00   1.206706456660585403e+00   4.455066594165757010e+00   3.716748876794786050e+00   2.678013970462902460e-01   1.159752128908377422e+00
6.709016258054881776e-01   1.198787968438750795e+00   1.215237121406226528e+00   4.519589484760494713e+00   3.769810477414049288e+00   2.652426669459511110e-01   1.173077049149241491e+00
6.728429379387389497e-01   1.204232475923959100e+00   1.223340669667451808e+00   4.583255641157592208e+00   3.822102383263870973e+00   2.627460849248649533e-01   1.186754204691428116e+00
6.747842500719897219e-01   1.209431502585289309e+00   1.231056550887646095e+00   4.646347806306277306e+00   3.873700458356356791e+00   2.602972383909320508e-01   1.200800185039748280e+00
6.767255622052404940e-01   1.214405851632932354e+00   1.238417778580473971e+00   4.708475136308189590e+00   3.924731386702107194e+00   2.579191386757796467e-01   1.215225512856569434e+00
6.786668743384912661e-01   1.219173089835408064e+00   1.245452306579214241e+00   4.770227562428037693e+00   3.975288354540319258e+00   2.555796497923992217e-01   1.230045217987709494e+00
6.806081864717420382e-01   1.223748200300633471e+00   1.252184047690174884e+00   4.831436512485992374e+00   4.025436347288176009e+00   2.532886848741720542e-01   1.245268164881530693e+00
6.825494986049928103e-01   1.228144075045634054e+00   1.258633642254546769e+00   4.892286946935827885e+00   4.075215560560388361e+00   2.510368031079726614e-01   1.260906395722572126e+00
6.844908107382435825e-01   1.232371892892729193e+00   1.264819047854406575e+00   4.952652766118887939e+00   4.124668420164447902e+00   2.488306673392063628e-01   1.276973111046367126e+00
6.864321228714943546e-01   1.236441412808289897e+00   1.270755998588808611e+00   5.013087993242485219e+00   4.174105208082383278e+00   2.466426710392838617e-01   1.293479414879892708e+00
6.883734350047451267e-01   1.240361206468264754e+00   1.276458367573386044e+00   5.072889608883573764e+00   4.223266706026163497e+00   2.445078253420223113e-01   1.310437626390385191e+00
6.903147471379958988e-01   1.244138843037603692e+00   1.281938456489957634e+00   5.132781314440769016e+00   4.272116462599685249e+00   2.423907754529292802e-01   1.327857595044022121e+00
6.922560592712466709e-01   1.247781038677203469e+00   1.287207229392494767e+00   5.192685255095732089e+00   4.321132552205134481e+00   2.402959119181583003e-01   1.345753624650014357e+00
6.941973714044974431e-01   1.251293778174158433e+00   1.292274503342117242e+00   5.252254008122037021e+00   4.369901158955315168e+00   2.382393875542137274e-01   1.364135850688239948e+00
6.961386835377482152e-01   1.254682415338152168e+00   1.297149105267398017e+00   5.311588104488831341e+00   4.418679462602060681e+00   2.362160601794062453e-01   1.383015118380483965e+00
6.980799956709989873e-01   1.257951755917133596e+00   1.301839002065345641e+00   5.371219803230600220e+00   4.467426332189338822e+00   2.342022486513249402e-01   1.402408112443587429e+00
7.000213078042497594e-01   1.261106126614663481e+00   1.306351409335248626e+00   5.431016281702733650e+00   4.516203355798986685e+00   2.322044459456640009e-01   1.422323172627767862e+00
7.019626199375005315e-01   1.264149433938996481e+00   1.310692882896208555e+00   5.490736060644906935e+00   4.564919520178991164e+00   2.302331454246805409e-01   1.442771895054882680e+00
7.039039320707513037e-01   1.267085213178802405e+00   1.314869396287010606e+00   5.550447727701389056e+00   4.613882727110388160e+00   2.282852258665520884e-01   1.463773885737336578e+00
7.058452442040020758e-01   1.269916670480597531e+00   1.318886406804341327e+00   5.610205647500557724e+00   4.662640088767761704e+00   2.263583102424003013e-01   1.485337517041005473e+00
7.077865563372528479e-01   1.272646718905434682e+00   1.322748912079710015e+00   5.670052964838845355e+00   4.711780658033728031e+00   2.244505874631818332e-01   1.507476162123568386e+00
7.097278684705036200e-01   1.275278009341150209e+00   1.326461498790471261e+00   5.730042027574253183e+00   4.760959002715416943e+00   2.225599748141854906e-01   1.530206497520566034e+00
7.116691806037543921e-01   1.277812957539822492e+00   1.330028384827400378e+00   5.790195595363726078e+00   4.810070535614987541e+00   2.206856290939431253e-01   1.553542131535420312e+00
7.136104927370051643e-01   1.280253766650048419e+00   1.333453455921725039e+00   5.850562617432339962e+00   4.859540161343978149e+00   2.188257523875402066e-01   1.577496298280346876e+00
7.155518048702559364e-01   1.282602448402599293e+00   1.336740297631582530e+00   5.911149734510862785e+00   4.909235611719033443e+00   2.169801994550105140e-01   1.602086109473785935e+00
7.174931170035067085e-01   1.284860840037140628e+00   1.339892223361943024e+00   5.971999874591713997e+00   4.958974044991621533e+00   2.151474995007400803e-01   1.627324960579365820e+00
7.194344291367574806e-01   1.287030620643236034e+00   1.342912299005835308e+00   6.033107417505306991e+00   5.008796025845929201e+00   2.133279803553413123e-01   1.653231297659225163e+00
7.213757412700082527e-01   1.289113324149070650e+00   1.345803364702666816e+00   6.094505308361901186e+00   5.058912074503699507e+00   2.115205843500302940e-01   1.679817785525478113e+00
7.233170534032590249e-01   1.291110352164764663e+00   1.348568054085218737e+00   6.156179429856114105e+00   5.109461133078593065e+00   2.097259131049955816e-01   1.707106238163578427e+00
7.252583655365097970e-01   1.293022984272397480e+00   1.351208811392802911e+00   6.218147190716587502e+00   5.160168703937332957e+00   2.079434507762734086e-01   1.735112684226861157e+00
7.271996776697605691e-01   1.294852387953937978e+00   1.353727906701513772e+00   6.280389936138495166e+00   5.211067559807078808e+00   2.061738842843378328e-01   1.763852762159152432e+00
7.291409898030113412e-01   1.296599626776355763e+00   1.356127449530800444e+00   6.342901971983799569e+00   5.262186386416073169e+00   2.044174153255647330e-01   1.793345762916949804e+00
7.310823019362621134e-01   1.298265668492490477e+00   1.358409401029299080e+00   6.405664565137795030e+00   5.313550644771401821e+00   2.026746257614197855e-01   1.823609598547878852e+00
7.330236140695128855e-01   1.299851391645802323e+00   1.360575584908214397e+00   6.468638709852683633e+00   5.365188596354123263e+00   2.009466674442550727e-01   1.854665567312355545e+00
7.349649262027636576e-01   1.301357591568489402e+00   1.362627697282041028e+00   6.531810904234664150e+00   5.417119571636153985e+00   1.992338128963288546e-01   1.886533637601762514e+00
7.369062383360144297e-01   1.302784986329356576e+00   1.364567315534923830e+00   6.595855775347920336e+00   5.469376865404251831e+00   1.975156872287185672e-01   1.919233326290407549e+00
7.388475504692652018e-01   1.304134221189769960e+00   1.366395906331751675e+00   6.660619540562686680e+00   5.522118834400393084e+00   1.957977352178258690e-01   1.952785609472626138e+00
7.407888626025159740e-01   1.305405873737640832e+00   1.368114832871769382e+00   6.725607542979004982e+00   5.575183301800131552e+00   1.940948628648990759e-01   1.987213807372227192e+00
7.427301747357667461e-01   1.306600457451054353e+00   1.369725361454923629e+00   6.790776860852350438e+00   5.628579292380765153e+00   1.924080976630787587e-01   2.022539783887934206e+00
7.446714868690175182e-01   1.307718425516554817e+00   1.371228667456434680e+00   6.856058269069087885e+00   5.682327287962172235e+00   1.907391060861150234e-01   2.058788454693179837e+00
7.466127990022682903e-01   1.308760174345138916e+00   1.372625840746717785e+00   6.921500215102111220e+00   5.736433037808378543e+00   1.890862000537886500e-01   2.095979110652370192e+00
7.485541111355190624e-01   1.309726046383730136e+00   1.373917890635422800e+00   6.988801441331652597e+00   5.790913468222439242e+00   1.874035279694788447e-01   2.134142370224779039e+00
7.504954232687698346e-01   1.310616332929384953e+00   1.375105750375182234e+00   7.056199646452216534e+00   5.845769792095296680e+00   1.857396897192880869e-01   2.173300327749303040e+00
7.524367354020206067e-01   1.311431276692815118e+00   1.376190281268629301e+00   7.123608320993696452e+00   5.901015940571110896e+00   1.840964884085428133e-01   2.213480059748692774e+00
7.543780475352713788e-01   1.312171074052457698e+00   1.377172276428573428e+00   7.190911533136405964e+00   5.956839966237969186e+00   1.824763200055859735e-01   2.254709893812540500e+00
7.563193596685221509e-01   1.312835876988287964e+00   1.378052464204369443e+00   7.259936874277468810e+00   6.013160968174228849e+00   1.808329603580672296e-01   2.297014796114708268e+00
7.582606718017729230e-01   1.313425795173657429e+00   1.378831511326554127e+00   7.329644925698318936e+00   6.069939004635438451e+00   1.791936455978490883e-01   2.340426786898919254e+00
7.602019839350236952e-01   1.313940897560541998e+00   1.379510025776114590e+00   7.399168686740093648e+00   6.127182922220980821e+00   1.775795299700667906e-01   2.384975428173579992e+00
7.621432960682744673e-01   1.314381213786987468e+00   1.380088559419288652e+00   7.468309310618576724e+00   6.184886325086801584e+00   1.759944800248399721e-01   2.430691453238645661e+00
7.640846082015252394e-01   1.314746735808398848e+00   1.380567610412874346e+00   7.540328514772503432e+00   6.243049748667155008e+00   1.743619967263542458e-01   2.477608455784750419e+00
7.660259203347760115e-01   1.315037419108534777e+00   1.380947625411356405e+00   7.612173444070921668e+00   6.301664119258645336e+00   1.727545265186790913e-01   2.525754131069553043e+00
7.679672324680267836e-01   1.315253183863319464e+00   1.381229001584988847e+00   7.683512222801305747e+00   6.360718771584192410e+00   1.711786414499638365e-01   2.575169988746119021e+00
7.699085446012775558e-01   1.315393915721415175e+00   1.381412088466821064e+00   7.756454605784291800e+00   6.420201997171038677e+00   1.695870062516029730e-01   2.625886129085917009e+00
7.718498567345283279e-01   1.315459467189953102e+00   1.381497189639488310e+00   7.830672777893047609e+00   6.480088065058145830e+00   1.679880521765201584e-01   2.677942015958119537e+00
7.737911688677791000e-01   1.315449658038119196e+00   1.381484564279526817e+00   7.904201862291106551e+00   6.541202595404787878e+00   1.664240970759853500e-01   2.731374926753484811e+00
7.757324810010298721e-01   1.315364276340460270e+00   1.381374428557321732e+00   7.978739570215030774e+00   6.602848414073148930e+00   1.648586552756741708e-01   2.786224184359621159e+00
7.776737931342806442e-01   1.315203078917534185e+00   1.381166956918311817e+00   8.055322299826016774e+00   6.664959203156270995e+00   1.632713167722588399e-01   2.842529445556442713e+00
7.796151052675314164e-01   1.314965792225279984e+00   1.380862283244482569e+00   8.130954955638330262e+00   6.727502466888012123e+00   1.617234137194955290e-01   2.900333163255878421e+00
7.815564174007821885e-01   1.314652112492467717e+00   1.380460501902974091e+00   8.207817783637818110e+00   6.790441416559786170e+00   1.601707234672302693e-01   2.959680573916239954e+00
7.834977295340329606e-01   1.314261706286174558e+00   1.379961668688715060e+00   8.286676200852552299e+00   6.853923743199946905e+00   1.585993798274585032e-01   3.020616139237731090e+00
7.854390416672837327e-01   1.313794210941637175e+00   1.379365801679558690e+00   8.364219950484244492e+00   6.918954345724120714e+00   1.570731303958088076e-01   3.083186748676112199e+00
7.873803538005345048e-01   1.313249234879776850e+00   1.378672881992007326e+00   8.444226825949682436e+00   6.984429553841505545e+00   1.555203646169324716e-01   3.147440154032071558e+00
7.893216659337852770e-01   1.312626357826502499e+00   1.377882854445441119e+00   8.525162684806414148e+00   7.050292922673349949e+00   1.539708280483458036e-01   3.213427837964605960e+00
7.912629780670360491e-01   1.311925130781787630e+00   1.376995628158589779e+00   8.604279594522665775e+00   7.116482669963399843e+00   1.524735588110056606e-01   3.281200586545993225e+00
7.932042902002868212e-01   1.311145076667457943e+00   1.376011077052594622e+00   8.688377436767067863e+00   7.183747216249596335e+00   1.509079326041955493e-01   3.350815315633630220e+00
7.951456023335375933e-01   1.310285689665874997e+00   1.374929040283434878e+00   8.771040158062630709e+00   7.252390093244514446e+00   1.493877198203701073e-01   3.422326800542224046e+00
8.825046483298223388e-01   1.175079381592809113e+00   1.215743842162575028e+00   1.405418194995881365e+01   1.159060670816875671e+01   8.361065665556241533e-02   1.025556207046719592e+01
8.844459604630731109e-01   1.169432584551373111e+00   1.209352399224894237e+00   1.423345572072487997e+01   1.173733596659212708e+01   8.216083342631963493e-02   1.055426692634122077e+01
8.863872725963238830e-01   1.163638623023416585e+00   1.202808762628672090e+00   1.440828930601647961e+01   1.188037120388719892e+01   8.076174751276789243e-02   1.086463260411360388e+01
8.883285847295746551e-01   1.157694431868094398e+00   1.196110144082671800e+00   1.459263093699568259e+01   1.203280885306806347e+01   7.933418153768777292e-02   1.118727597342622460e+01
8.902698968628254272e-01   1.151596817825975450e+00   1.189253629374293464e+00   1.477993083993749046e+01   1.218543068541940499e+01   7.791625213253339233e-02   1.152285884210565747e+01
8.922112089960761994e-01   1.145342451594160593e+00   1.182236171018522741e+00   1.496895420089641604e+01   1.234196591265541088e+01   7.651452708203033970e-02   1.187209139804969382e+01
8.941525211293269715e-01   1.138927860133094327e+00   1.175054580303927620e+00   1.516968599001842222e+01   1.250502375586777326e+01   7.507919813781928353e-02   1.223573580031685459e+01
8.960938332625777436e-01   1.132349417839691341e+00   1.167705518672509157e+00   1.536265747141765203e+01   1.266614885698252202e+01   7.370791283646313530e-02   1.261461028267648743e+01
8.980351453958285157e-01   1.125603336614062755e+00   1.160185488383212560e+00   1.557976664442752757e+01   1.284055970728211271e+01   7.224776611250859071e-02   1.300959820466827566e+01
8.999764575290792878e-01   1.118685655860303996e+00   1.152490822352581823e+00   1.577661179798226598e+01   1.300952082483110672e+01   7.090785209048353077e-02   1.342164619439268947e+01
9.019177696623300600e-01   1.111592231069039372e+00   1.144617673125637003e+00   1.601143350991255332e+01   1.319363941555903885e+01   6.942490379645653575e-02   1.385178002174712653e+01
9.038590817955808321e-01   1.104318721743084097e+00   1.136562000845306564e+00   1.622244735075193844e+01   1.337527970233230690e+01   6.807349704185644557e-02   1.430110905608285776e+01
9.058003939288316042e-01   1.096860577687380101e+00   1.128319560132094779e+00   1.646677945301005153e+01   1.356599343275384406e+01   6.661051001608447875e-02   1.477083218063002867e+01
9.077417060620823763e-01   1.089213024750165459e+00   1.119885885752128551e+00   1.669648123743885293e+01   1.376166837252407227e+01   6.523608233738503737e-02   1.526225063402132598e+01
9.096830181953331484e-01   1.081371048788582812e+00   1.111256276911616103e+00   1.694826829616913599e+01   1.395970598468329094e+01   6.380422057827631055e-02   1.577677584528941601e+01
9.116243303285839206e-01   1.073329377851450772e+00   1.102425780052884718e+00   1.719830830570285229e+01   1.417093123422609224e+01   6.240900900093420550e-02   1.631594417211525183e+01
9.135656424618346927e-01   1.065082463434805504e+00   1.093389169926551219e+00   1.745754026230791212e+01   1.437698627385295680e+01   6.100988154295684807e-02   1.688143055372730927e+01
9.155069545950854648e-01   1.056624458900273567e+00   1.084140928771740731e+00   1.773265630757859412e+01   1.460564702467405063e+01   5.958636092488257124e-02   1.747506249451602400e+01
9.174482667283362369e-01   1.047949196421654960e+00   1.074675223331339025e+00   1.799917290606969189e+01   1.482639524282921784e+01   5.822207508592047026e-02   1.809884204505835115e+01
9.193895788615870091e-01   1.039050161131399364e+00   1.064985879449364958e+00   1.830163819232506128e+01   1.506868859303819796e+01   5.677361502901600437e-02   1.875496432099858524e+01
9.213308909948377812e-01   1.029920462318614227e+00   1.055066353907821775e+00   1.857376840742933410e+01   1.530957452960146448e+01   5.545026941902945344e-02   1.944583382706510832e+01
9.232722031280885533e-01   1.020552802326051278e+00   1.044909703132034240e+00   1.891048155108378026e+01   1.556354041738391736e+01   5.396757346285357970e-02   2.017410963336863716e+01
9.252135152613393254e-01   1.010939440365859809e+00   1.034508548362366609e+00   1.920764101552938996e+01   1.582730212619167354e+01   5.263214985892929881e-02   2.094271992171754349e+01
9.271548273945900975e-01   1.001072153762493144e+00   1.023855036729993673e+00   1.956372282032180365e+01   1.609402201656263642e+01   5.116981890188252585e-02   2.175490618819927136e+01
9.290961395278408697e-01   9.909421937954903115e-01   1.012940797687517991e+00   1.989220365642367128e+01   1.638408220210528299e+01   4.981560670255309742e-02   2.261426860128259619e+01
9.310374516610916418e-01   9.805402355904107026e-01   1.001756894067883819e+00   2.026709607345612696e+01   1.666486099307514834e+01   4.838089443285498864e-02   2.352480415286108695e+01
9.329787637943424139e-01   9.698563229393356577e-01   9.902937669418441224e-01   2.063464751407399334e+01   1.698509293649731688e+01   4.700135159943193142e-02   2.449098175081593709e+01
9.349200759275931860e-01   9.588798052366200864e-01   9.785411732821985842e-01   2.102952402161667678e+01   1.729550035271369879e+01   4.559683824754987708e-02   2.551780433154769057e+01
9.368613880608439581e-01   9.475992654203083676e-01   9.664881152723259206e-01   2.143971561259731473e+01   1.763670087362602601e+01   4.419831319327427455e-02   2.661087980563563349e+01
9.388027001940947303e-01   9.360024391854723236e-01   9.541227598183920078e-01   2.185741662265367680e+01   1.798443458944738538e+01   4.282310463970254860e-02   2.777653773615719146e+01
9.407440123273455024e-01   9.240761219443812680e-01   9.414323465438839689e-01   2.232163853235269002e+01   1.834610775970081065e+01   4.139822086111812072e-02   2.902193456424319962e+01
9.426853244605962745e-01   9.118060619749712714e-01   9.284030822224176305e-01   2.276762256366129478e+01   1.873816183628270693e+01   4.004836514771976941e-02   3.035519854475514734e+01
9.446266365938470466e-01   8.991768376664595053e-01   9.150200190733782657e-01   2.329032355275933597e+01   1.912235212215739821e+01   3.860731413325208666e-02   3.178558737005959145e+01
9.465679487270978187e-01   8.861717154201187441e-01   9.012669138039385297e-01   2.376807718158729443e+01   1.956691949891325066e+01   3.728411468247082999e-02   3.332371853363484604e+01
9.485092608603485909e-01   8.727724838713583067e-01   8.871260635466519107e-01   2.436599718014800331e+01   2.000283760698751578e+01   3.581928034459606197e-02   3.498180150560484947e+01
9.504505729935993630e-01   8.589592604427025435e-01   8.725781138496830902e-01   2.488987063641558350e+01   2.048360404923309730e+01   3.451039473005482194e-02   3.677396448034131282e+01
9.523918851268501351e-01   8.447102633333543054e-01   8.576018326703102046e-01   2.556776666316944358e+01   2.098961243331876148e+01   3.303809341119205711e-02   3.871663441928220806e+01
9.543331972601009072e-01   8.300015418309385495e-01   8.421738426945983846e-01   2.614554617737518072e+01   2.150327044259007181e+01   3.174542754624774810e-02   4.082904143720718793e+01
9.562745093933516793e-01   8.148066546817744893e-01   8.262683021623935531e-01   2.692741892173324558e+01   2.209552983487842681e+01   3.025936711758660941e-02   4.313381858380709133e+01
9.582158215266024515e-01   7.990962840030988446e-01   8.098565214956506830e-01   2.759121772803363726e+01   2.268503416651351756e+01   2.896197956464927059e-02   4.565781587108184425e+01
9.601571336598532236e-01   7.828377679951472601e-01   7.929064992182478511e-01   2.847980467007693406e+01   2.334305723794370380e+01   2.748746970226437908e-02   4.843310770794737152e+01
9.620984457931039957e-01   7.659945304128541466e-01   7.753823552598415603e-01   2.925352502128593102e+01   2.405608025408604078e+01   2.618469158350963250e-02   5.149834606449642393e+01
9.640397579263547678e-01   7.485253780232596910e-01   7.572436324569611354e-01   3.028055732540456191e+01   2.476992549675910382e+01   2.471966978610619370e-02   5.490053023706112612e+01
9.659810700596055399e-01   7.303836250524682328e-01   7.384444266015547376e-01   3.122975425437508079e+01   2.562899685500417846e+01   2.338742787097488479e-02   5.869738115254551758e+01
9.679223821928563121e-01   7.115159916661468742e-01   7.189322905284332155e-01   3.238936888775189260e+01   2.652954881522682840e+01   2.196757813132963269e-02   6.296060122382795043e+01
9.698636943261070842e-01   6.918611979955358038e-01   6.986468358990897132e-01   3.358602246048876339e+01   2.744950925731549418e+01   2.059967651154448465e-02   6.778036301842409728e+01
9.718050064593578563e-01   6.713481458008345726e-01   6.775179238352002642e-01   3.491136162377048890e+01   2.858831326381087834e+01   1.923007624382448363e-02   7.327167098237329412e+01
9.737463185926086284e-01   6.498935286539336831e-01   6.554632859139587486e-01   3.647642492528181180e+01   2.980675454843017036e+01   1.781680989804163701e-02   7.958355767878212816e+01
9.756876307258594005e-01   6.273986329022136488e-01   6.323853392066104417e-01   3.794046347844905398e+01   3.110363986078078113e+01   1.653639875165438186e-02   8.691264157702097748e+01
9.776289428591101727e-01   6.037449675916377601e-01   6.081668335849225171e-01   4.006235821166521305e+01   3.262570361228434734e+01   1.507013053005555429e-02   9.552379675319710373e+01
9.795702549923609448e-01   5.787881499375089334e-01   5.826647599849714698e-01   4.218755859796419116e+01   3.442477676512564244e+01   1.371940375723564726e-02   1.057825743363281532e+02
9.809569065161115597e-01   5.600665303111327376e-01   5.635665054654293016e-01   4.395507159317747892e+01   3.580271352569032217e+01   1.274179542908682010e-02   1.143981961861533847e+02
9.823435580398621747e-01   5.405102609961431881e-01   5.436449931222890886e-01   4.586613969588954376e+01   3.738084184856880654e+01   1.178451608484903587e-02   1.243737352094669006e+02
9.837302095636127897e-01   5.200242287576202216e-01   5.228057911399882629e-01   4.822040201486453270e+01   3.923147492103738188e+01   1.078431964539234601e-02   1.360569991361782058e+02
9.851168610873634046e-01   4.984928209490818163e-01   5.009340382924188928e-01   5.072881206025222411e+01   4.107230388493371009e+01   9.826621217879220535e-03   1.499256166968120283e+02
9.865035126111140196e-01   4.757730942877742564e-01   4.778876213774832515e-01   5.370180793797499064e+01   4.363502039402946764e+01   8.859535880752601039e-03   1.666539679857977205e+02
9.874939779852215382e-01   4.587191646229484832e-01   4.606091991135510266e-01   5.597170675205787660e+01   4.547008822424326979e+01   8.195554347752367561e-03   1.808818270826081687e+02
9.884844433593290569e-01   4.408867498217431957e-01   4.425600571610152079e-01   5.921959749180520305e+01   4.780722994659527103e+01   7.444946748966895476e-03   1.975666894290277469e+02
9.894749087334365756e-01   4.221768880906893728e-01   4.236415466789264506e-01   6.161790310241481450e+01   5.019247686024175437e+01   6.851529617763707676e-03   2.174075923962540458e+02
9.904653741075440943e-01   4.024670228678815520e-01   4.037313106134198804e-01   6.629790360170399310e+01   5.326072799841649186e+01   6.070584452953008830e-03   2.414011960865483672e+02
7.718498567345283279e-01   1.315459467185405629e+00   1.381497189639495859e+00   7.830672777897706105e+00   6.480088065061379687e+00   1.679880521758395084e-01   2.677943178265766999e+00
7.737911688677791000e-01   1.315449658021520918e+00   1.381484564279662708e+00   7.904201862296662107e+00   6.541202595409235876e+00   1.664240970737684289e-01   2.731374167630717054e+00
7.757324810010298721e-01   1.315364276316017822e+00   1.381374428556749745e+00   7.978739570206595744e+00   6.602848414066660787e+00   1.648586552727849819e-01   2.786223639707088751e+00
7.776737931342806442e-01   1.315203078958461669e+00   1.381166956919080313e+00   8.055322299831127353e+00   6.664959203160532475e+00   1.632713167772360530e-01   2.842529930920355774e+00
7.796151052675314164e-01   1.314965792282123402e+00   1.380862283244711719e+00   8.130954955657186289e+00   6.727502466900770806e+00   1.617234137261114868e-01   2.900334201060054795e+00
7.815564174007821885e-01   1.314652112570797726e+00   1.380460501903108206e+00   8.207817783647842091e+00   6.790441416567704280e+00   1.601707234765779864e-01   2.959682474125810536e+00
7.834977295340329606e-01   1.314261706268325725e+00   1.379961668688014509e+00   8.286676200856140539e+00   6.853923743201899121e+00   1.585993798252358922e-01   3.020616388937679808e+00
7.854390416672837327e-01   1.313794210967102805e+00   1.379365801680099146e+00   8.364219950495003886e+00   6.918954345731685329e+00   1.570731303986513672e-01   3.083186477720887719e+00
7.873803538005345048e-01   1.313249234824638734e+00   1.378672881991622523e+00   8.444226825950577719e+00   6.984429553842032234e+00   1.555203646103863191e-01   3.147438487094712301e+00
7.893216659337852770e-01   1.312626357762610496e+00   1.377882854445796168e+00   8.525162684794031165e+00   7.050292922664041839e+00   1.539708280410749253e-01   3.213427567340562785e+00
7.912629780670360491e-01   1.311925130783379245e+00   1.376995628158338425e+00   8.604279594516421881e+00   7.116482669958996254e+00   1.524735588113012852e-01   3.281201208295586813e+00
7.932042902002868212e-01   1.311145076656771602e+00   1.376011077052148757e+00   8.688377436773039975e+00   7.183747216253991041e+00   1.509079326028618662e-01   3.350815426585786128e+00
7.951456023335375933e-01   1.310285689620968697e+00   1.374929040284452730e+00   8.771040158055999569e+00   7.252390093240653535e+00   1.493877198153631958e-01   3.422327683174363422e+00
7.970869144667883655e-01   1.309346435880229365e+00   1.373749322612128010e+00   8.854197349199340650e+00   7.321386190811900896e+00   1.478786144289668258e-01   3.495794630460175245e+00
7.990282266000391376e-01   1.308326753165033551e+00   1.372471694683920385e+00   8.940502519698796391e+00   7.390647427625112620e+00   1.463370487601082515e-01   3.571280648943162550e+00
8.009695387332899097e-01   1.307226050547228624e+00   1.371095893262839649e+00   9.024326289756459119e+00   7.460836019142392139e+00   1.448558051398324276e-01   3.648844524117393462e+00
8.029108508665406818e-01   1.306043708892388855e+00   1.369621621384391030e+00   9.113063935818361827e+00   7.532847791698769058e+00   1.433155432783765615e-01   3.728556544461441469e+00
8.048521629997914539e-01   1.304779079906893458e+00   1.368048548454487756e+00   9.200575901037492343e+00   7.605120017330383675e+00   1.418149357106832376e-01   3.810481413814628127e+00
8.067934751330422261e-01   1.303431486682825380e+00   1.366376310279185269e+00   9.289102085425335886e+00   7.677534150369549337e+00   1.403183509768848591e-01   3.894692967300816377e+00
8.087347872662929982e-01   1.302000222720835376e+00   1.364604509035933555e+00   9.380445241229539377e+00   7.751691203763331650e+00   1.387994054907116526e-01   3.981266733182586837e+00
8.106760993995437703e-01   1.300484552098396307e+00   1.362732713184149791e+00   9.468864374543384699e+00   7.827176062112600086e+00   1.373432442009297760e-01   4.070274851996414256e+00
8.126174115327945424e-01   1.298883708798598491e+00   1.360760457316577021e+00   9.564216338786740934e+00   7.902771261750349829e+00   1.358066006444357543e-01   4.161802721860406784e+00
8.145587236660453145e-01   1.297196896330092386e+00   1.358687241941523238e+00   9.655856002403885086e+00   7.978765866350836511e+00   1.343430241717717410e-01   4.255931839498453328e+00
8.165000357992960867e-01   1.295423287393873579e+00   1.356512533222453243e+00   9.752261298412577162e+00   8.057665366919682270e+00   1.328331191869044636e-01   4.352751697186471702e+00
8.184413479325468588e-01   1.293562023053823395e+00   1.354235762636435192e+00   9.847814973242130066e+00   8.136621213771780603e+00   1.313552322589944810e-01   4.452351684420567501e+00
8.203826600657976309e-01   1.291612212596533027e+00   1.351856326589783164e+00   9.945022760423809061e+00   8.215427066991322747e+00   1.298752394752177575e-01   4.554828314664393751e+00
8.223239721990484030e-01   1.289572932401483740e+00   1.349373585957389876e+00   1.004463533406270059e+01   8.297470925779700579e+00   1.283842458698694344e-01   4.660281891274009602e+00
8.242652843322991751e-01   1.287443225375682232e+00   1.346786865569479241e+00   1.014275293502685038e+01   8.379958481225918021e+00   1.269323263243100908e-01   4.768812490758801204e+00
8.262065964655499473e-01   1.285222100527562361e+00   1.344095453625934633e+00   1.024657843565479531e+01   8.462167136050034344e+00   1.254293917328933028e-01   4.880531902632960772e+00
8.281479085988007194e-01   1.282908531744510805e+00   1.341298601052443695e+00   1.034606160627777705e+01   8.547515744621266620e+00   1.239996996505480231e-01   4.995555387283864057e+00
8.300892207320514915e-01   1.280501456987508391e+00   1.338395520782756698e+00   1.045412625671417928e+01   8.633691122146332830e+00   1.224876594698771914e-01   5.113998046983117440e+00
8.320305328653022636e-01   1.277999777513628032e+00   1.335385386972300914e+00   1.055585407700238143e+01   8.719410573872998782e+00   1.210702391479582113e-01   5.235986846324069965e+00
8.339718449985530357e-01   1.275402356744052668e+00   1.332267334142838155e+00   1.066768315770869258e+01   8.808767821752566007e+00   1.195575775816344888e-01   5.361651849778755086e+00
8.359131571318038079e-01   1.272708018946332231e+00   1.329040456248340663e+00   1.077347845916284008e+01   8.898762353955609328e+00   1.181334351547242839e-01   5.491124941907781221e+00
8.378544692650545800e-01   1.269915548820563345e+00   1.325703805659885770e+00   1.088766294181393413e+01   8.988059671167107467e+00   1.166380292636970267e-01   5.624553384390944544e+00
8.397957813983053521e-01   1.267023689215648119e+00   1.322256392078276388e+00   1.099741134366137274e+01   9.082242554193760142e+00   1.152110846472909483e-01   5.762087346775431662e+00
8.417370935315561242e-01   1.264031140822680754e+00   1.318697181350140246e+00   1.111461052083322443e+01   9.176148133764982617e+00   1.137269847156030245e-01   5.903883398964571150e+00
8.436784056648068963e-01   1.260936559817423586e+00   1.315025094201764277e+00   1.122850531697998555e+01   9.270257931706765930e+00   1.122978102802880129e-01   6.050104128451505581e+00
8.456197177980576685e-01   1.257738557127140666e+00   1.311239004876282088e+00   1.134889790650308683e+01   9.369001329097025987e+00   1.108247309552796156e-01   6.200926661199555490e+00
8.475610299313084406e-01   1.254435696487576024e+00   1.307337739664107490e+00   1.146684462218707523e+01   9.466848811642170958e+00   1.093967641333851992e-01   6.356533302018658738e+00
8.495023420645592127e-01   1.251026492656137634e+00   1.303320075344304163e+00   1.159120442715527588e+01   9.567060425982701233e+00   1.079289473771420371e-01   6.517109956213828603e+00
8.514436541978099848e-01   1.247509409990811946e+00   1.299184737494884612e+00   1.171333612890708942e+01   9.670144293449370210e+00   1.065033391223283027e-01   6.682866849631851736e+00
8.533849663310607569e-01   1.243882859870268476e+00   1.294930398699073004e+00   1.184189440391891068e+01   9.771871808006842741e+00   1.050408674019777389e-01   6.854009100960156253e+00
8.553262784643115291e-01   1.240145199385210617e+00   1.290555676618042602e+00   1.196807724623961811e+01   9.879396416387233870e+00   1.036210891582326210e-01   7.030767080967160965e+00
8.572675905975623012e-01   1.236294728570328516e+00   1.286059131934863764e+00   1.210176833135819408e+01   9.986794121658677525e+00   1.021581883506092470e-01   7.213372153236109696e+00
8.592089027308130733e-01   1.232329688323261507e+00   1.281439266147734291e+00   1.223210064379172302e+01   1.009511476792518181e+01   1.007455484719803895e-01   7.402077597856480118e+00
8.611502148640638454e-01   1.228248257912810004e+00   1.276694519217232315e+00   1.237123024403236649e+01   1.020852029546576212e+01   9.928262862178095782e-02   7.597145185851463367e+00
8.630915269973146176e-01   1.224048552240105892e+00   1.271823267049959627e+00   1.250544794691568562e+01   1.032006576110434359e+01   9.788122404219853911e-02   7.798852029980335665e+00
8.650328391305653897e-01   1.219728619128659375e+00   1.266823818800851598e+00   1.265117562816243613e+01   1.043764327953810600e+01   9.641227463584134405e-02   8.007492982473928933e+00
8.669741512638161618e-01   1.215286436283690819e+00   1.261694413990151808e+00   1.278938164679246370e+01   1.055569783985062315e+01   9.502308007115267685e-02   8.223380565495208572e+00
8.689154633970669339e-01   1.210719907933707873e+00   1.256433219417202318e+00   1.294211783138279515e+01   1.067481760317387085e+01   9.354882436612377283e-02   8.446845526725796915e+00
8.708567755303177060e-01   1.206026861573150200e+00   1.251038325858671252e+00   1.308377556661184649e+01   1.079980043777825216e+01   9.217728135376912491e-02   8.678237529011672891e+00
8.727980876635684782e-01   1.201205044061907756e+00   1.245507744530265581e+00   1.324499843263615340e+01   1.092215458130817218e+01   9.069121828675308361e-02   8.917924418479973525e+00
8.747393997968192503e-01   1.196252118137749676e+00   1.239839403282605446e+00   1.339191943535251461e+01   1.105310859876940199e+01   8.932641238714715548e-02   9.166307189514110831e+00
8.766807119300700224e-01   1.191165657733449734e+00   1.234031142543558390e+00   1.356054647715700057e+01   1.118301643447967386e+01   8.784053502120958701e-02   9.423799472725374216e+00
8.786220240633207945e-01   1.185943143385657095e+00   1.228080710941702458e+00   1.371545956489528351e+01   1.131640522901108703e+01   8.646761982522833956e-02   9.690851169955999822e+00
8.805633361965715666e-01   1.180581958131824649e+00   1.221985760613597760e+00   1.388966142269273973e+01   1.145442487055665026e+01   8.499717323584331241e-02   9.967935143867759251e+00
8.825046483298223388e-01   1.175079381580871996e+00   1.215743842161924437e+00   1.405418194998004289e+01   1.159060670818606553e+01   8.361065665458676521e-02   1.025556001298494202e+01
8.844459604630731109e-01   1.169432584495780247e+00   1.209352399225239294e+00   1.423345572073518639e+01   1.173733596659956291e+01   8.216083342235434850e-02   1.055426782891940896e+01
8.863872725963238830e-01   1.163638623072415612e+00   1.202808762627759043e+00   1.440828930605523972e+01   1.188037120392106338e+01   8.076174751595138757e-02   1.086463420097663501e+01
8.883285847295746551e-01   1.157694431897994036e+00   1.196110144082826565e+00   1.459263093696715607e+01   1.203280885304708647e+01   7.933418153989181543e-02   1.118727722627288124e+01
8.902698968628254272e-01   1.151596817849508625e+00   1.189253629373364873e+00   1.477993083987713518e+01   1.218543068536613383e+01   7.791625213444380860e-02   1.152285968464072852e+01
8.922112089960761994e-01   1.145342451567216813e+00   1.182236171018522741e+00   1.496895420092373641e+01   1.234196591267464527e+01   7.651452708009071069e-02   1.187209279916602611e+01
6.672714047623650169e-01   8.938028971483618079e-01   7.483204185384808582e-01   2.516228535401495048e+00   2.102022973998840083e+00   3.552153091713287636e-01   9.839149884822213643e-01
6.628451822920216063e-01   9.094680813110471718e-01   7.718763222111270084e-01   2.581352470827524392e+00   2.157847523080015595e+00   3.523223161459588804e-01   9.843021948806750521e-01
6.602002358100880208e-01   9.198564332447176639e-01   7.875802622475726045e-01   2.625825814598581776e+00   2.195833846540094836e+00   3.503112918346181215e-01   9.847084748221076600e-01
6.577917148701764027e-01   9.302051132245878762e-01   8.032842057987934492e-01   2.671195328124650992e+00   2.234491312154265330e+00   3.482355271554218312e-01   9.852485293894213125e-01
6.556133191298694207e-01   9.405177837353448922e-01   8.189881528861538973e-01   2.717512084280392148e+00   2.273864114253370428e+00   3.460951615177077501e-01   9.859383454090513421e-01
6.536594022272275151e-01   9.507980136260130166e-01   8.346921038624031119e-01   2.764833319342288043e+00   2.313999920704676416e+00   3.438898131668181035e-01   9.867915782695159121e-01
6.519249374192228608e-01   9.610492878736067723e-01   8.503960585192087418e-01   2.813228456249722953e+00   2.354949990668788296e+00   3.416179321443266748e-01   9.878298058832017947e-01
6.508883314196991510e-01   9.678690713479909391e-01   8.608653638791706753e-01   2.846112255759840615e+00   2.382736496869910070e+00   3.400670754954442931e-01   9.886289237936696228e-01
6.499461038147090752e-01   9.746784970083126609e-01   8.713346709761501385e-01   2.879515988875827937e+00   2.410888653612003552e+00   3.384869195981892176e-01   9.895276665727140708e-01
6.490971916331517155e-01   9.814785472943867717e-01   8.818039799754617825e-01   2.913460996397788882e+00   2.439514886646485969e+00   3.368771878215942039e-01   9.905278853307939446e-01
6.483406403748734892e-01   9.882701938577156398e-01   8.922732905239572077e-01   2.947969799683497261e+00   2.468549178495982765e+00   3.352375570346138867e-01   9.916367905231708857e-01
6.476756021156255816e-01   9.950543997260865581e-01   9.027426032300692738e-01   2.983066188774460503e+00   2.498044821560919004e+00   3.335676571544283764e-01   9.928685097390698155e-01
6.472827133580654202e-01   9.995735409961525875e-01   9.097221459578915814e-01   3.006809336865895688e+00   2.517993649443915682e+00   3.324366226819169268e-01   9.937571554409466712e-01
6.469299717156945517e-01   1.004090080188120737e+00   9.167016895256465681e-01   3.030855549623460377e+00   2.538142054956710414e+00   3.312893220242265624e-01   9.947054859681851990e-01
6.466172045514507749e-01   1.008604297072452027e+00   9.236812340443706359e-01   3.055123735289426268e+00   2.558494592288226066e+00   3.301353347565486596e-01   9.957172481071941972e-01
6.463442602332154507e-01   1.013116469859710378e+00   9.306607794029847502e-01   3.079719259803086473e+00   2.579136901935144888e+00   3.289639036528569371e-01   9.967933911137039082e-01
6.461110082967085333e-01   1.017626876201461528e+00   9.376403256181489176e-01   3.104664874126821683e+00   2.600002757751623594e+00   3.277735013147485832e-01   9.979366090483949847e-01
6.459775035261444698e-01   1.020632968928907758e+00   9.422933568542648519e-01   3.121436538970965735e+00   2.614043518248435838e+00   3.269754025706947953e-01   9.987382795618076070e-01
6.458615637734594905e-01   1.023638481286866408e+00   9.469463885428931471e-01   3.138341356451584296e+00   2.628190012780367457e+00   3.261718102087720617e-01   9.995732325143236174e-01
6.457631662741754042e-01   1.026643495120538319e+00   9.515994207023033002e-01   3.155380760083514868e+00   2.642444703109014359e+00   3.253627923792517529e-01   1.000443502288983710e+00
6.456822927031662385e-01   1.029648091731473869e+00   9.562524531733274102e-01   3.172558738798750166e+00   2.656826839667827400e+00   3.245481570252461978e-01   1.001345570847234079e+00
6.456189289777980456e-01   1.032652352701802556e+00   9.609054859885460820e-01   3.189950477091017422e+00   2.671353936661959860e+00   3.237204966402800754e-01   1.002285004284471759e+00
6.455864092145934263e-01   1.034655047245564674e+00   9.640075082443705368e-01   3.201673472293097067e+00   2.681072483028531739e+00   3.231607021138622748e-01   1.002932422883646479e+00
6.455616655532451231e-01   1.036657652923622663e+00   9.671095305716788104e-01   3.213340015133142824e+00   2.690896317462377230e+00   3.226106319410675383e-01   1.003596781172710894e+00
6.455446971104852327e-01   1.038660193856912883e+00   9.702115531280325333e-01   3.225197669374483933e+00   2.700757428083151002e+00   3.220454373137251469e-01   1.004275928699886133e+00
6.455355039485486390e-01   1.040662694180468861e+00   9.733135758574374963e-01   3.237062771904565928e+00   2.710655894534501620e+00   3.214836311525037793e-01   1.004974081565527699e+00
6.455340870490784422e-01   1.042665178068659770e+00   9.764155987457630026e-01   3.248982376894997692e+00   2.720591820271812900e+00   3.209205397614741107e-01   1.005689812976999997e+00
6.455372676948775146e-01   1.043948281380835397e+00   9.784032343822600675e-01   3.256698278945982850e+00   2.727049904711855266e+00   3.205541907673145063e-01   1.006159367131740145e+00
6.455404483406765870e-01   1.044667669621503592e+00   9.795176218213893504e-01   3.261051904398872825e+00   2.730643411155216693e+00   3.203468390712636560e-01   1.006426420305701619e+00
6.455483999551744345e-01   1.045922515932261376e+00   9.814614586591633438e-01   3.268582966595732664e+00   2.736960464896854628e+00   3.199926471566979513e-01   1.006897059843836262e+00
6.455682789914188868e-01   1.047999673922390684e+00   9.846790416994847250e-01   3.281218742498344554e+00   2.747434842149638623e+00   3.193934193867354887e-01   1.007691755727693650e+00
6.455404483406765870e-01   1.044667669661862419e+00   9.795176218678040003e-01   3.261051904838142779e+00   2.730643411425220712e+00   3.203468390404883293e-01   1.006425178664242859e+00
6.455483999551744345e-01   1.045922515981033030e+00   9.814614586644602179e-01   3.268582966664542067e+00   2.736960464937684634e+00   3.199926471648829041e-01   1.006896001768470494e+00
6.455682789914188868e-01   1.047999673871572668e+00   9.846790416872052143e-01   3.281218742419822920e+00   2.747434842094421015e+00   3.193934193788912634e-01   1.007690213329981876e+00
6.456179765820301286e-01   1.051348786876019403e+00   9.898666530151726262e-01   3.301701464344583226e+00   2.764534260687806277e+00   3.184263623557865852e-01   1.009014937785275734e+00
6.457422205585582331e-01   1.056685408251382796e+00   9.981317406654190982e-01   3.334686529389319976e+00   2.792092052877487518e+00   3.168769834701354315e-01   1.011245618004984248e+00
6.460528304998783833e-01   1.065144283719519080e+00   1.011228151925548824e+00   3.388415187462466616e+00   2.836708279509708053e+00   3.143488105178721126e-01   1.015091950823797440e+00
6.468293553531786477e-01   1.078512320353979703e+00   1.031908317365850536e+00   3.476271009714552829e+00   2.909695702364703429e+00   3.102497812569968705e-01   1.022035957497843039e+00
6.476058802064789122e-01   1.088126639931147110e+00   1.046763374879920550e+00   3.541972286561883454e+00   2.964216782308064513e+00   3.072092472489016401e-01   1.027766898452711075e+00
6.495471923397296843e-01   1.106045259744973919e+00   1.074393054332962949e+00   3.670641417166376375e+00   3.070776943869482523e+00   3.013220671930431083e-01   1.040357779057063503e+00
6.514885044729804564e-01   1.119837466346666588e+00   1.095595848590498189e+00   3.775727560418598916e+00   3.157723607785722475e+00   2.965885245763110745e-01   1.052028537836858790e+00
6.534298166062312285e-01   1.131431536584045716e+00   1.113366171948709793e+00   3.868749242084541962e+00   3.234427896134368652e+00   2.924540893672428754e-01   1.063419195608992673e+00
6.553711287394820006e-01   1.141595875853795405e+00   1.128898806663973131e+00   3.954061231471550197e+00   3.304792080872190674e+00   2.887147692017245637e-01   1.074774486922671191e+00
6.573124408727327728e-01   1.150729941515123755e+00   1.142815681083803270e+00   4.033964222627240304e+00   3.370699949253165961e+00   2.852603240902509274e-01   1.086219799187320811e+00
6.592537530059835449e-01   1.159072977456389708e+00   1.155489799162546127e+00   4.110002353949055554e+00   3.433294763081361722e+00   2.820127283729426115e-01   1.097831083931811058e+00
6.611950651392343170e-01   1.166781716028367555e+00   1.167165882300952084e+00   4.182929041039119333e+00   3.493342290718235432e+00   2.789389216458036391e-01   1.109657654492694823e+00
6.631363772724850891e-01   1.173965437007836954e+00   1.178014828110743206e+00   4.253622970174296469e+00   3.551372268054599157e+00   2.759918886181236819e-01   1.121740482089916613e+00
6.650776894057358612e-01   1.180703915921299085e+00   1.188161604644338176e+00   4.322293102475830651e+00   3.607685021761098287e+00   2.731660921479355797e-01   1.134101490530572187e+00
6.670190015389866334e-01   1.187057483061039420e+00   1.197700889430683091e+00   4.389352432871343801e+00   3.662860901802106550e+00   2.704402303563746002e-01   1.146765941966602753e+00
6.689603136722374055e-01   1.193073057832293671e+00   1.206706456660424420e+00   4.455066594169405647e+00   3.716748876796305723e+00   2.678013970416817102e-01   1.159751753928965012e+00
6.709016258054881776e-01   1.198787968436022311e+00   1.215237121406617327e+00   4.519589484771622701e+00   3.769810477421173811e+00   2.652426669446943386e-01   1.173076088815866447e+00
6.728429379387389497e-01   1.204232475907133448e+00   1.223340669667892566e+00   4.583255641166029903e+00   3.822102383269577519e+00   2.627460849207101101e-01   1.186755426854395168e+00
6.747842500719897219e-01   1.209431502630081923e+00   1.231056550887421608e+00   4.646347806304823358e+00   3.873700458355556542e+00   2.602972384006538853e-01   1.200802193552750863e+00
6.767255622052404940e-01   1.214405851676588100e+00   1.238417778580892747e+00   4.708475136315183995e+00   3.924731386706636460e+00   2.579191386846682588e-01   1.215226567531486834e+00
6.786668743384912661e-01   1.219173089856326442e+00   1.245452306578904489e+00   4.770227562421941236e+00   3.975288354536072433e+00   2.555796497971110637e-01   1.230045332295223615e+00
6.806081864717420382e-01   1.223748200304271450e+00   1.252184047689586688e+00   4.831436512480340006e+00   4.025436347283960714e+00   2.532886848752213815e-01   1.245267273193619850e+00
6.825494986049928103e-01   1.228144075083946518e+00   1.258633642254630480e+00   4.892286946932320468e+00   4.075215560558433481e+00   2.510368031159838087e-01   1.260906396917565342e+00
6.844908107382435825e-01   1.232371892856349405e+00   1.264819047854119693e+00   4.952652766120973382e+00   4.124668420165129135e+00   2.488306673317560724e-01   1.276973055720114436e+00
6.864321228714943546e-01   1.236441412851263522e+00   1.270755998589004232e+00   5.013087993247324015e+00   4.174105208085644669e+00   2.466426710476180562e-01   1.293481039012931211e+00
6.883734350047451267e-01   1.240361206488955759e+00   1.276458367573965802e+00   5.072889608885340351e+00   4.223266706027408723e+00   2.445078253460159223e-01   1.310438784073591822e+00
6.903147471379958988e-01   1.244138843029190866e+00   1.281938456490680167e+00   5.132781314449296417e+00   4.272116462605398013e+00   2.423907754508875523e-01   1.327857665038808532e+00
6.922560592712466709e-01   1.247781038627408634e+00   1.287207229391872154e+00   5.192685255093464569e+00   4.321132552202961996e+00   2.402959119086738315e-01   1.345753434730407871e+00
6.941973714044974431e-01   1.251293778180638583e+00   1.292274503342247804e+00   5.252254008122123174e+00   4.369901158955267206e+00   2.382393875554436047e-01   1.364134402632038334e+00
6.961386835377482152e-01   1.254682415397951445e+00   1.297149105268127656e+00   5.311588104492968476e+00   4.418679462605573427e+00   2.362160601904805257e-01   1.383016631744678815e+00
6.980799956709989873e-01   1.257951755866656640e+00   1.301839002065306783e+00   5.371219803229332790e+00   4.467426332188308535e+00   2.342022486419825245e-01   1.402406927699380246e+00
