# freq   mass   ang   radius99   radius95   compactness   kappa
7.618943325839350189e-01   9.228102667849498175e-01   7.339105761897122271e-01   3.631020184948105189e+00   2.699230623718905875e+00   2.541462783958989835e-01   1.024818504836813693e+00
7.540329139676046344e-01   9.541065619667961073e-01   7.752054586083721999e-01   3.727810404894003948e+00   2.806012962879807393e+00   2.559428882740953370e-01   1.027926693743753894e+00
7.472327252792717589e-01   9.851006480638488938e-01   8.165003525660616823e-01   3.832322424096893165e+00   2.915895886934049219e+00   2.570505659622293049e-01   1.032389113351265264e+00
7.413589828596126585e-01   1.015833462757314010e+00   8.577952569451382514e-01   3.943573902870058934e+00   3.028527647351225482e+00   2.575920948300244873e-01   1.038189974309142061e+00
7.363031854768260498e-01   1.046340944595044675e+00   8.990901710117192858e-01   4.060424328392085336e+00   3.143852015353557849e+00   2.576925119078360416e-01   1.045346822724647851e+00
7.319772072555166265e-01   1.076654988992459039e+00   9.403850938388257363e-01   4.182411141023925971e+00   3.261925519996004663e+00   2.574244742301626809e-01   1.053926918191347095e+00
7.294625674108250468e-01   1.096771127792749212e+00   9.679150468098487448e-01   4.266459309457071747e+00   3.342222646967130117e+00   2.570682264241068715e-01   1.060481858068806460e+00
7.272220343364660389e-01   1.116821850210385492e+00   9.954450032102136747e-01   4.352645620329986365e+00   3.423874464904619330e+00   2.565846033947776772e-01   1.067743717207507714e+00
7.252398589482770275e-01   1.136814480588668630e+00   1.022974962839881430e+00   4.440967124094627572e+00   3.506871770865610305e+00   2.559835389054876398e-01   1.075754176832446118e+00
7.235022862922546594e-01   1.156755938142964624e+00   1.050504925518750632e+00   4.531445680980213275e+00   3.591300681072275403e+00   2.552730452001672479e-01   1.084560624715059429e+00
7.219973446081149326e-01   1.176652787838634140e+00   1.078034891024460151e+00   4.624125694473990578e+00   3.677256941023181014e+00   2.544595163675545946e-01   1.094217038681326803e+00
7.211181111718296677e-01   1.189895674099147982e+00   1.096388202865384631e+00   4.687103607240268310e+00   3.735460761230040561e+00   2.538658783349894144e-01   1.101156779046081668e+00
7.203349326436265798e-01   1.203123308750036813e+00   1.114741515850480313e+00   4.751042111845004356e+00   3.794422868166744234e+00   2.532335602226055138e-01   1.108520811373840953e+00
7.196453826633201212e-01   1.216337432293471466e+00   1.133094830071616821e+00   4.816372566940062327e+00   3.854178379375409857e+00   2.525422224689388706e-01   1.116331521565257390e+00
7.190472975291559710e-01   1.229539742732754348e+00   1.151448145273506807e+00   4.882556319613224893e+00   3.914764374136026515e+00   2.518229513899704619e-01   1.124617473514799126e+00
7.185387659160895613e-01   1.242731900770991160e+00   1.169801461595685543e+00   4.949690907292907838e+00   3.976220023876324561e+00   2.510726273715276902e-01   1.133396959207034982e+00
7.182486636409687319e-01   1.251521837801988113e+00   1.182037006370947996e+00   4.995307412310081574e+00   4.017756599209659996e+00   2.505395032781819187e-01   1.139541108040593942e+00
7.179971820656521064e-01   1.260308461951922254e+00   1.194272551563305029e+00   5.041508611423866526e+00   4.059662051152623796e+00   2.499863749307323080e-01   1.145927852778284350e+00
7.177839325341369703e-01   1.269092243370778306e+00   1.206508097204918695e+00   5.088221225387452584e+00   4.101908448207606916e+00   2.494176623136390436e-01   1.152567491838611069e+00
7.176085726173042634e-01   1.277873647778505983e+00   1.218743643337737437e+00   5.135459746621900301e+00   4.144665878427908012e+00   2.488333490724155272e-01   1.159468268134893343e+00
7.174708056058651806e-01   1.286653136703762135e+00   1.230979189776363558e+00   5.183233483806599651e+00   4.187940360245202776e+00   2.482336828397774808e-01   1.166643684598639652e+00
7.173997201520502243e-01   1.292505291693601066e+00   1.239136220890504125e+00   5.215063553748246150e+00   4.216989275879164722e+00   2.478407556058704053e-01   1.171584880138125007e+00
7.173451672807247270e-01   1.298356934358252834e+00   1.247293252271821196e+00   5.247879460034907240e+00   4.246227363419142975e+00   2.474060130850674610e-01   1.176653533691464304e+00
7.173070931985650045e-01   1.304208199310551208e+00   1.255450283908693399e+00   5.280436188832429600e+00   4.275679903677145788e+00   2.469887245430245626e-01   1.181857349650823785e+00
7.172854533898395113e-01   1.310059220692210147e+00   1.263607315553690436e+00   5.313546844029997551e+00   4.305486360397887680e+00   2.465507991454181091e-01   1.187201515407129815e+00
7.172802125253281424e-01   1.315910132467138505e+00   1.271764347416734608e+00   5.346892634334185601e+00   4.335500196601139500e+00   2.461074538914882204e-01   1.192682997379960863e+00
7.172833931711272148e-01   1.318652652457103613e+00   1.275587823583512304e+00   5.362644889009818172e+00   4.349528759975810566e+00   2.458959486874741363e-01   1.195305172435595864e+00
7.172913447856250624e-01   1.321761068345154166e+00   1.279921379509778134e+00   5.380280961429128261e+00   4.365724377196463557e+00   2.456676663952626627e-01   1.198314523319777170e+00
7.172992964001229099e-01   1.323853330801512129e+00   1.282838245604972061e+00   5.392375885442708849e+00   4.376527747178250216e+00   2.455046456192704896e-01   1.200364033402135933e+00
7.173191754363673622e-01   1.327668075120868707e+00   1.288156359075636637e+00   5.414777280591869690e+00   4.396454825172391168e+00   2.451934782026244652e-01   1.204151589706853764e+00
7.173688730269786040e-01   1.334148412868785272e+00   1.297190137107236074e+00   5.452447801794093607e+00   4.430456864101290471e+00   2.446879752667769081e-01   1.210734999992832073e+00
7.174931170035067085e-01   1.344728841939854647e+00   1.311937830443038910e+00   5.515239932282742785e+00   4.486659642783155988e+00   2.438205514992481948e-01   1.221910112126118664e+00
7.194344291367574806e-01   1.409570947723409517e+00   1.402210006292514688e+00   5.925103162864991724e+00   4.851833766636372225e+00   2.378981275056539779e-01   1.303780161393057968e+00
7.213757412700082527e-01   1.444905018887880255e+00   1.451261026942963328e+00   6.169619800423985723e+00   5.068715067115527440e+00   2.341967682981995480e-01   1.360417091745492968e+00
7.233170534032590249e-01   1.472000337970939654e+00   1.488772822047063960e+00   6.369972685914639499e+00   5.245652784301392479e+00   2.310842464404666285e-01   1.411338417820612312e+00
7.252583655365097970e-01   1.494586336349698286e+00   1.519957561210915964e+00   6.547042301558686717e+00   5.401353836581182399e+00   2.282842033866001874e-01   1.459853315932068796e+00
7.271996776697605691e-01   1.514178841290686250e+00   1.546936661671652447e+00   6.709087462506714949e+00   5.543583887320841619e+00   2.256907291420141848e-01   1.507280233293474936e+00
7.291409898030113412e-01   1.531574671107591490e+00   1.570826955340977271e+00   6.860020370252165378e+00   5.676091117098460259e+00   2.232609509075398069e-01   1.554305545742471484e+00
7.310823019362621134e-01   1.547254896569143279e+00   1.592303833090387810e+00   7.004419039378097622e+00   5.801483461708208722e+00   2.208969634555901229e-01   1.601340395026703334e+00
7.330236140695128855e-01   1.561536733171237534e+00   1.611813453554943765e+00   7.141545306060231191e+00   5.921438966304013896e+00   2.186553002535930323e-01   1.648661203496352590e+00
7.349649262027636576e-01   1.574642614210347347e+00   1.629669289475482508e+00   7.274394008948384283e+00   6.036697355387335762e+00   2.164637511074251064e-01   1.696461218626531542e+00
7.369062383360144297e-01   1.586735762857415466e+00   1.646101869529006612e+00   7.401894649869269038e+00   6.148591578347905262e+00   2.143688660693705006e-01   1.744890831811747756e+00
7.388475504692652018e-01   1.597940220180021242e+00   1.661286797080312905e+00   7.527648461191998486e+00   6.257395672566507194e+00   2.122761481780179316e-01   1.794065884315545700e+00
7.407888626025159740e-01   1.608352907958419564e+00   1.675361634165445590e+00   7.650214363527329198e+00   6.363074059927170900e+00   2.102363190796717463e-01   1.844082445444195750e+00
7.427301747357667461e-01   1.618051290636572048e+00   1.688436629305477332e+00   7.769983697758172880e+00   6.467120416468225663e+00   2.082438462648794064e-01   1.895023727802252589e+00
7.446714868690175182e-01   1.627098453254006927e+00   1.700601831670905506e+00   7.887537795056421608e+00   6.568556355478665232e+00   2.062872464806196071e-01   1.946959830540732295e+00
7.466127990022682903e-01   1.635546588665079071e+00   1.711931978476588512e+00   8.003290690851770250e+00   6.669126835000127151e+00   2.043592631884038058e-01   1.999956285246078824e+00
7.485541111355190624e-01   1.643439464203311218e+00   1.722489953696233922e+00   8.117603280328310689e+00   6.767620593404875429e+00   2.024537794530953672e-01   2.054072574359207870e+00
7.504954232687698346e-01   1.650814211002511911e+00   1.732329298412710994e+00   8.230664850416856027e+00   6.864724448476558827e+00   2.005687561095266247e-01   2.109362377417360435e+00
7.524367354020206067e-01   1.657702650715122905e+00   1.741496073067174688e+00   8.342677749560797551e+00   6.961410364190203204e+00   1.987015081341711176e-01   2.165879165748395785e+00
7.543780475352713788e-01   1.664132298429308543e+00   1.750030265452810818e+00   8.453682870016999473e+00   7.056834322435679319e+00   1.968529366451100548e-01   2.223672365565464215e+00
7.563193596685221509e-01   1.670127132825200533e+00   1.757966873254402262e+00   8.563728812780812660e+00   7.151227814876629729e+00   1.950233559863132904e-01   2.282791085556896693e+00
7.582606718017729230e-01   1.675708197141489109e+00   1.765336748802011968e+00   8.672751662872020262e+00   7.244784626908256975e+00   1.932152864834331962e-01   2.343279279650918312e+00
7.602019839350236952e-01   1.680894074733373600e+00   1.772167267071208530e+00   8.780609506670897346e+00   7.337662236001303739e+00   1.914325051645158760e-01   2.405189095603354144e+00
7.621432960682744673e-01   1.685701268164621069e+00   1.778482860243990604e+00   8.887162372739167537e+00   7.429996288134805837e+00   1.896782344537113196e-01   2.468564422790957558e+00
7.640846082015252394e-01   1.690144506566866767e+00   1.784305450127023684e+00   8.995989576763854245e+00   7.521890239441153092e+00   1.878775527855675864e-01   2.533452494061798621e+00
7.660259203347760115e-01   1.694236996664585604e+00   1.789654801347746904e+00   9.103859411652068800e+00   7.613433967436715299e+00   1.861009622464209479e-01   2.599901023613442774e+00
7.679672324680267836e-01   1.697990628880688746e+00   1.794548812468651056e+00   9.210356168201599303e+00   7.704687220011972038e+00   1.843566739300415147e-01   2.667955777512382554e+00
7.699085446012775558e-01   1.701416149076521611e+00   1.799003757840297535e+00   9.315014769624662350e+00   7.795699334668972469e+00   1.826530811979676927e-01   2.737664857536747487e+00
7.718498567345283279e-01   1.704523301936546886e+00   1.803034490098667675e+00   9.422676517698580057e+00   7.886490242607602674e+00   1.808958737716345189e-01   2.809077307622637409e+00
7.737911688677791000e-01   1.707320951764927486e+00   1.806654610839590891e+00   9.529649037279824597e+00   7.977068366615677419e+00   1.791588488816237834e-01   2.882241756626069407e+00
7.757324810010298721e-01   1.709817185275596785e+00   1.809876615410632494e+00   9.634351162773624466e+00   8.067412895742737788e+00   1.774709221605079157e-01   2.957209614797269737e+00
7.776737931342806442e-01   1.712019398327697672e+00   1.812712016479626209e+00   9.740539234152901571e+00   8.157485394624583108e+00   1.757622814479208595e-01   3.034032147973569682e+00
7.796151052675314164e-01   1.713934371525624556e+00   1.815171450058632674e+00   9.847956200765896284e+00   8.247219255983539554e+00   1.740396013735650560e-01   3.112761609767463522e+00
7.815564174007821885e-01   1.715568334428212438e+00   1.817264766943140319e+00   9.952303918889018775e+00   8.336778218119597739e+00   1.723790137851540227e-01   3.193451587855608231e+00
7.834977295340329606e-01   1.716927021560081812e+00   1.819001111966131567e+00   1.005951633259946654e+01   8.427694780764182880e+00   1.706768958658684276e-01   3.276158516371438179e+00
7.854390416672837327e-01   1.718015720869857432e+00   1.820388992966628816e+00   1.016676481120884823e+01   8.518341446421223040e+00   1.689835215796225421e-01   3.360938086124495072e+00
7.873803538005345048e-01   1.718839316484832347e+00   1.821436341094408551e+00   1.027012220816449428e+01   8.608582240035527633e+00   1.673630830914940304e-01   3.447848876190324763e+00
7.893216659337852770e-01   1.719402325928626851e+00   1.822150563714072691e+00   1.038043808686907532e+01   8.698235586329822411e+00   1.656387053744500515e-01   3.536952660548856819e+00
7.912629780670360491e-01   1.719708932410071611e+00   1.822538591000468111e+00   1.048617787465119555e+01   8.789202295286298039e+00   1.639976884778215627e-01   3.628309467086932028e+00
7.932042902002868212e-01   1.719763014398495216e+00   1.822606917126486925e+00   1.059425665745479428e+01   8.880758146618841664e+00   1.623297480893442779e-01   3.721986443099902342e+00
7.951456023335375933e-01   1.719568170834804732e+00   1.822361636771759219e+00   1.070277986839155204e+01   8.971607211991823760e+00   1.606655646457976760e-01   3.818046011845201537e+00
7.970869144667883655e-01   1.719127743787680629e+00   1.821808477592145259e+00   1.080913024588686788e+01   9.061744982728237474e+00   1.590440400551052513e-01   3.916559508285909263e+00
7.990282266000391376e-01   1.718444839018957060e+00   1.820952829171404330e+00   1.092037750734384360e+01   9.154818388780260108e+00   1.573613034772214092e-01   4.017594497306712142e+00
8.009695387332899097e-01   1.717522344144640556e+00   1.819799768917006455e+00   1.102553496884515027e+01   9.246961077488355940e+00   1.557767808090802508e-01   4.121227254601001810e+00
7.737911688677791000e-01   1.707320951805172404e+00   1.806654610838883901e+00   9.529649037299291692e+00   7.977068366629678664e+00   1.791588488854809202e-01   2.882242489586508860e+00
7.757324810010298721e-01   1.709817185319025379e+00   1.809876615411249556e+00   9.634351162765348420e+00   8.067412895737220424e+00   1.774709221651680491e-01   2.957209935386570621e+00
7.776737931342806442e-01   1.712019398299730710e+00   1.812712016479822275e+00   9.740539234152814529e+00   8.157485394624430342e+00   1.757622814450512383e-01   3.034032410204928532e+00
7.796151052675314164e-01   1.713934371558479830e+00   1.815171450058059133e+00   9.847956200764103940e+00   8.247219255981413255e+00   1.740396013769329731e-01   3.112761900421446626e+00
7.815564174007821885e-01   1.715568334493241309e+00   1.817264766942671583e+00   9.952303918881989730e+00   8.336778218114535122e+00   1.723790137918098098e-01   3.193451173796240106e+00
7.834977295340329606e-01   1.716927021504147888e+00   1.819001111965319994e+00   1.005951633259059719e+01   8.427694780756826987e+00   1.706768958604586162e-01   3.276157973821024250e+00
7.854390416672837327e-01   1.718015720878270258e+00   1.820388992967349573e+00   1.016676481120562769e+01   8.518341446419663399e+00   1.689835215805035595e-01   3.360938388888732753e+00
7.873803538005345048e-01   1.718839316522121408e+00   1.821436341094730071e+00   1.027012220814920518e+01   8.608582240023640253e+00   1.673630830953740101e-01   3.447849200504450096e+00
7.893216659337852770e-01   1.719402325943406140e+00   1.822150563713490490e+00   1.038043808686638769e+01   8.698235586327172086e+00   1.656387053759167116e-01   3.536952726123226753e+00
7.912629780670360491e-01   1.719708932468279272e+00   1.822538591000061325e+00   1.048617787464791995e+01   8.789202295284137989e+00   1.639976884834236648e-01   3.628309872108302248e+00
7.932042902002868212e-01   1.719763014421005209e+00   1.822606917126197379e+00   1.059425665745058787e+01   8.880758146614873283e+00   1.623297480915334712e-01   3.721985771047510827e+00
7.951456023335375933e-01   1.719568170797174389e+00   1.822361636771938187e+00   1.070277986836329553e+01   8.971607211970280105e+00   1.606655646427058992e-01   3.818045866893250206e+00
7.970869144667883655e-01   1.719127743754143012e+00   1.821808477592532727e+00   1.080913024588873483e+01   9.061744982729724285e+00   1.590440400519750608e-01   3.916558282186914486e+00
7.990282266000391376e-01   1.718444839071367136e+00   1.820952829171557763e+00   1.092037750734306023e+01   9.154818388780068261e+00   1.573613034820319778e-01   4.017595033668712290e+00
8.009695387332899097e-01   1.717522344127701217e+00   1.819799768917679028e+00   1.102553496885325224e+01   9.246961077496509418e+00   1.557767808074294325e-01   4.121226767535920210e+00
8.029108508665406818e-01   1.716362944269690161e+00   1.818354085259865860e+00   1.113952443883551524e+01   9.337781392323206475e+00   1.540786551251654979e-01   4.227531124477135194e+00
8.048521629997914539e-01   1.714969137049933812e+00   1.816620298508926812e+00   1.124541938660787466e+01   9.432100621794583972e+00   1.525037953757673037e-01   4.336585139010775691e+00
8.067934751330422261e-01   1.713343245536179893e+00   1.814602679617856484e+00   1.136077422031022444e+01   9.525436824105602440e+00   1.508121904643743849e-01   4.448471420610832006e+00
8.087347872662929982e-01   1.711487429645217162e+00   1.812305267119533436e+00   1.146815584775993280e+01   9.617538429304868686e+00   1.492382430414495031e-01   4.563270639295684106e+00
8.106760993995437703e-01   1.709403697531683974e+00   1.809731882424749250e+00   1.158461753218282908e+01   9.713546391656423751e+00   1.475580607458855109e-01   4.681074907446074462e+00
8.126174115327945424e-01   1.707093914118559042e+00   1.806886143679200085e+00   1.169326838535941171e+01   9.807733150417229595e+00   1.459894580249206097e-01   4.801970693886847386e+00
8.145587236660453145e-01   1.704559810476666826e+00   1.803771478316505528e+00   1.181135233475984947e+01   9.902707183366496579e+00   1.443153808442650676e-01   4.926053815632110755e+00
8.165000357992960867e-01   1.701802991397926235e+00   1.800391134456998499e+00   1.192049277045273747e+01   9.999677174167628024e+00   1.427628055457720868e-01   5.053419880018930499e+00
8.184413479325468588e-01   1.698824942505325453e+00   1.796748191260040928e+00   1.204133562736022256e+01   1.009404678736151517e+01   1.410827664869061249e-01   5.184173959812931720e+00
8.203826600657976309e-01   1.695627036377004515e+00   1.792845568350010854e+00   1.215145210908709394e+01   1.019334710170324065e+01   1.395411034956868523e-01   5.318418011058553496e+00
8.223239721990484030e-01   1.692210538960239319e+00   1.788686034382950707e+00   1.227469491985271155e+01   1.029050028653285409e+01   1.378617187644566588e-01   5.456264313893933959e+00
8.242652843322991751e-01   1.688576614232601969e+00   1.784272214857513195e+00   1.238786262868821808e+01   1.038926580854535331e+01   1.363089553739594284e-01   5.597826814373594750e+00
8.262065964655499473e-01   1.684726329295358482e+00   1.779606599217847807e+00   1.251149738617113627e+01   1.048928130521737323e+01   1.346542525883012154e-01   5.743223801627980407e+00
8.281479085988007194e-01   1.680660658548276842e+00   1.774691547334844577e+00   1.262889035653137526e+01   1.058791016086065540e+01   1.330806279174858164e-01   5.892581591824355591e+00
8.300892207320514915e-01   1.676380487498022376e+00   1.769529295396735868e+00   1.275178762375282382e+01   1.069087134183770083e+01   1.314623907612309517e-01   6.046027200266416379e+00
8.320305328653022636e-01   1.671886616338042586e+00   1.764121961268665162e+00   1.287408055903140536e+01   1.078976758432454375e+01   1.298645451744655510e-01   6.203697363002783405e+00
8.339718449985530357e-01   1.667179763277203852e+00   1.758471549366951159e+00   1.299504725418535500e+01   1.089572597389152797e+01   1.282934744804602734e-01   6.365732439735941384e+00
8.359131571318038079e-01   1.662260567009070655e+00   1.752579955073655160e+00   1.312375706487741844e+01   1.099707540754939750e+01   1.266604188717963542e-01   6.532281945076415575e+00
8.378544692650545800e-01   1.657129589378996570e+00   1.746448968737339458e+00   1.324135715713741490e+01   1.110430765266835884e+01   1.251480169074484505e-01   6.703496868939739173e+00
8.397957813983053521e-01   1.651787317656612686e+00   1.740080279277212760e+00   1.337739231982111754e+01   1.120829781944411430e+01   1.234760316634490734e-01   6.879541937942591723e+00
8.417370935315561242e-01   1.646234166215776673e+00   1.733475477425267863e+00   1.350138933111604445e+01   1.131704193959716065e+01   1.219307232642921485e-01   7.060582869236426085e+00
8.436784056648068963e-01   1.640470478715201130e+00   1.726636058626128678e+00   1.363451428975167978e+01   1.142363996200212206e+01   1.203174857463205349e-01   7.246799523838379997e+00
8.456197177980576685e-01   1.634496528763406786e+00   1.719563425605115770e+00   1.376689423170170912e+01   1.153438556478213783e+01   1.187265988431559921e-01   7.438375698371761047e+00
8.475610299313084406e-01   1.628312521988391381e+00   1.712258890635934838e+00   1.389464852913340920e+01   1.164351543598367655e+01   1.171899036218332496e-01   7.635505347760671135e+00
8.495023420645592127e-01   1.621918596280352176e+00   1.704723677512567592e+00   1.403660352246942189e+01   1.175675244741830561e+01   1.155492205563851682e-01   7.838393019483833157e+00
8.514436541978099848e-01   1.615314823112498743e+00   1.696958923238537364e+00   1.416600834067055814e+01   1.186831879715733429e+01   1.140275216748909970e-01   8.047252716018487462e+00
8.533849663310607569e-01   1.608501207537869959e+00   1.688965679449479174e+00   1.430987300150964181e+01   1.198460377661870524e+01   1.124049953041636879e-01   8.262310364220502024e+00
8.553262784643115291e-01   1.601477688881573158e+00   1.680744913563064546e+00   1.445010056961762324e+01   1.209844428362083590e+01   1.108281344594096024e-01   8.483800646332012363e+00
8.572675905975623012e-01   1.594244140976229573e+00   1.672297509673351668e+00   1.458568445010572745e+01   1.221835220430952340e+01   1.093019766353627159e-01   8.711975995146277185e+00
8.592089027308130733e-01   1.586800371400499898e+00   1.663624269208132000e+00   1.473834687981732294e+01   1.233426929869944111e+01   1.076647458727859608e-01   8.947096210839434960e+00
8.611502148640638454e-01   1.579146121968392436e+00   1.654725911303815522e+00   1.487738695744072182e+01   1.245847012627461758e+01   1.061440511351762761e-01   9.189438063773723187e+00
8.630915269973146176e-01   1.571281067862741798e+00   1.645603072962555924e+00   1.502958769707765185e+01   1.257617540596551819e+01   1.045458531219895931e-01   9.439293355528919349e+00
8.650328391305653897e-01   1.563204816671827757e+00   1.636256308928440317e+00   1.518266341630634386e+01   1.270537337384585896e+01   1.029598545267709081e-01   9.696970686339884793e+00
8.669741512638161618e-01   1.554916907897450074e+00   1.626686091339791140e+00   1.532225483675505373e+01   1.282664848487011966e+01   1.014809454916199699e-01   9.962795254634340125e+00
8.689154633970669339e-01   1.546416811421863935e+00   1.616892809091200034e+00   1.549160086831371608e+01   1.295954638501963707e+01   9.982291853289877726e-02   1.023710890180495880e+01
8.708567755303177060e-01   1.537703926233575658e+00   1.606876766957574976e+00   1.564553006994218087e+01   1.308621276539580691e+01   9.828391363919179724e-02   1.052027861789111540e+01
8.727980876635684782e-01   1.528777578816402638e+00   1.596638184424132190e+00   1.580195519958610362e+01   1.322140924052781408e+01   9.674610258713084443e-02   1.081268752706442804e+01
8.747393997968192503e-01   1.519637021052290038e+00   1.586177194248405087e+00   1.597434829573009551e+01   1.335430750106118758e+01   9.512982895574434439e-02   1.111474796837434020e+01
8.766807119300700224e-01   1.510281428063535936e+00   1.575493840713886762e+00   1.613100117515766030e+01   1.349144754247369526e+01   9.362601934400856252e-02   1.142689109954355153e+01
8.786220240633207945e-01   1.500709896034436497e+00   1.564588077577340863e+00   1.630564130641269571e+01   1.363154731136102171e+01   9.203623873684968482e-02   1.174957858531463017e+01
8.805633361965715666e-01   1.490921438849909242e+00   1.553459765688293803e+00   1.648144317551612659e+01   1.377008798281629964e+01   9.046061215468895189e-02   1.208330120759848647e+01
8.825046483298223388e-01   1.480914985511049053e+00   1.542108670251121305e+00   1.664124160156103116e+01   1.391848187424681704e+01   8.899065472206905969e-02   1.242858148694087994e+01
8.844459604630731109e-01   1.470689376261816506e+00   1.530534457734409992e+00   1.683570960466018818e+01   1.405778522068476022e+01   8.735535423197869631e-02   1.278597435018576789e+01
8.863872725963238830e-01   1.460243358967318272e+00   1.518736692361480456e+00   1.701728612248882300e+01   1.421578882329021809e+01   8.580941452453841323e-02   1.315607549948171240e+01
8.883285847295746551e-01   1.449575584573608467e+00   1.506714832170945595e+00   1.719017454284588808e+01   1.436389088436767203e+01   8.432582118119823222e-02   1.353951698340509857e+01
8.902698968628254272e-01   1.438684602777016153e+00   1.494468224636390286e+00   1.739763249196697714e+01   1.452405482696157080e+01   8.269427483545828406e-02   1.393697623165261668e+01
8.922112089960761994e-01   1.427568856368338857e+00   1.481996101763514595e+00   1.758535588588617671e+01   1.468231234073317282e+01   8.117941232648528960e-02   1.434918220900780561e+01
8.941525211293269715e-01   1.416226675818620384e+00   1.469297574634234493e+00   1.777841748071499239e+01   1.484400873738285220e+01   7.965988409006943827e-02   1.477691188560780411e+01
8.960938332625777436e-01   1.404656272533997940e+00   1.456371627384178469e+00   1.799595275965226548e+01   1.501401286502417420e+01   7.805400977064691492e-02   1.522099821127402919e+01
8.980351453958285157e-01   1.392855732467410235e+00   1.443217110481526122e+00   1.819246989381053226e+01   1.517631001040778749e+01   7.656221176110285243e-02   1.568234367366822113e+01
8.999764575290792878e-01   1.380823007650747059e+00   1.429832733331374506e+00   1.840884872483640677e+01   1.535989836795030072e+01   7.500865634187114939e-02   1.616191152535127173e+01
9.019177696623300600e-01   1.368555908385246767e+00   1.416217056045566913e+00   1.863673419117969843e+01   1.553179338261056230e+01   7.343324717444058014e-02   1.666074660146791686e+01
9.038590817955808321e-01   1.356052093462835950e+00   1.402368480367341963e+00   1.884245014778704075e+01   1.572113918702106261e+01   7.196792788766369353e-02   1.717997251427812699e+01
9.058003939288316042e-01   1.343309059999114652e+00   1.388285239598695320e+00   1.908565050272919450e+01   1.590742000770760534e+01   7.038319494570149937e-02   1.772080811914052134e+01
9.077417060620823763e-01   1.330324131985776148e+00   1.373965387457659171e+00   1.932765968364849485e+01   1.609883592224007742e+01   6.883006808689058620e-02   1.828457157520305998e+01
9.096830181953331484e-01   1.317094447529257195e+00   1.359406785731205103e+00   1.954560603679760789e+01   1.630183773146751491e+01   6.738570526028328511e-02   1.887269027033739022e+01
9.116243303285839206e-01   1.303616945281532935e+00   1.344607090560013152e+00   1.981980377234016899e+01   1.649440173757668759e+01   6.577345367570266998e-02   1.948672376621182423e+01
9.135656424618346927e-01   1.289888348279419006e+00   1.329563737234772614e+00   2.007614626005225844e+01   1.671695427294941183e+01   6.424979832140660652e-02   2.012836088019630765e+01
9.155069545950854648e-01   1.275905147623575653e+00   1.314273923263808097e+00   2.031137408271393596e+01   1.692469222978472487e+01   6.281727383030373535e-02   2.079945153311748740e+01
9.174482667283362369e-01   1.261663582546475482e+00   1.298734589536258754e+00   2.061969999446773727e+01   1.715471151923600246e+01   6.118729093463919078e-02   2.150201262376656430e+01
9.193895788615870091e-01   1.247159619727312929e+00   1.282942399304924264e+00   2.089478173805695960e+01   1.738310668812392024e+01   5.968761173780456203e-02   2.223826085090365723e+01
9.213308909948377812e-01   1.232388928941190898e+00   1.266893714696937678e+00   2.116959958524130769e+01   1.761773093001020385e+01   5.821503255075115291e-02   2.301062267772140757e+01
9.232722031280885533e-01   1.217346857133975391e+00   1.250584570431843234e+00   2.149956942582701558e+01   1.787030001254924372e+01   5.662191800323220642e-02   2.382177033903558794e+01
9.252135152613393254e-01   1.202028398032098266e+00   1.234010644313646043e+00   2.179334407026229670e+01   1.810885743076920207e+01   5.515575737971777082e-02   2.467465608912866770e+01
9.271548273945900975e-01   1.186428159094589319e+00   1.217167224067612352e+00   2.211693186781569054e+01   1.838977317649776211e+01   5.364343328384829634e-02   2.557254007024610942e+01
9.290961395278408697e-01   1.170540323410364181e+00   1.200049169925683445e+00   2.247505638306379794e+01   1.865091731508677952e+01   5.208175247526548174e-02   2.651904296943086337e+01
9.310374516610916418e-01   1.154358607123072034e+00   1.182650872373238959e+00   2.279240942545382254e+01   1.894628933171773255e+01   5.064662474138963838e-02   2.751818424467069946e+01
9.329787637943424139e-01   1.137876211543357385e+00   1.164966204216743240e+00   2.318030622838789157e+01   1.923732865323394847e+01   4.908805778199128861e-02   2.857444921800973958e+01
9.349200759275931860e-01   1.121085767646718523e+00   1.146988466093771031e+00   2.356514763707722082e+01   1.954522646374515915e+01   4.757389110869862658e-02   2.969286347212696597e+01
9.368613880608439581e-01   1.103979273728214139e+00   1.128710324330009174e+00   2.390537543415345212e+01   1.987145492425613469e+01   4.618121462970065788e-02   3.087905465803204663e+01
9.388027001940947303e-01   1.086548023854788880e+00   1.110123739763764217e+00   2.437991634150850828e+01   2.019406211279323671e+01   4.456734012679383627e-02   3.213937655570508412e+01
9.407440123273455024e-01   1.068782525349092793e+00   1.091219886019252794e+00   2.479816948599071935e+01   2.056177587115784178e+01   4.309925077142820471e-02   3.348100150980723555e+01
9.426853244605962745e-01   1.050672404031615770e+00   1.071989055163206528e+00   2.523565963317427574e+01   2.090184638350796220e+01   4.163443394403781167e-02   3.491208274904978737e+01
9.446266365938470466e-01   1.032206293891363202e+00   1.052420548475042406e+00   2.575100545544142605e+01   2.131839526736441925e+01   4.008411615917111676e-02   3.644189852688579379e+01
9.465679487270978187e-01   1.013371709885063865e+00   1.032502549277835913e+00   2.619915974502571743e+01   2.170160137136767275e+01   3.867955002173178308e-02   3.808109008131647499e+01
9.485092608603485909e-01   9.941548975641580910e-01   1.012221974241829026e+00   2.677553925708654248e+01   2.215542582010362693e+01   3.712922036858847669e-02   3.984188494513090006e+01
9.504505729935993630e-01   9.745406577428639139e-01   9.915642985498128725e-01   2.733490356038704050e+01   2.258923698274498193e+01   3.565187839752031324e-02   4.173843645379025702e+01
9.523918851268501351e-01   9.545121384006733933e-01   9.705133492225019864e-01   2.788515529206619803e+01   2.309000904428468104e+01   3.423011736543021127e-02   4.378719169096217456e+01
9.543331972601009072e-01   9.340505875051121620e-01   9.490510592158145631e-01   2.858151609680084704e+01   2.358335286419859500e+01   3.268023236911708762e-02   4.600739839917072516e+01
9.562745093933516793e-01   9.131350572766905316e-01   9.271571730134692269e-01   2.917457999353377218e+01   2.414650536852030882e+01   3.129899582030236382e-02   4.842172027593889538e+01
9.582158215266024515e-01   8.917420467189458577e-01   9.048088915373295738e-01   2.997309314825753646e+01   2.470893510303433160e+01   2.975141879111621590e-02   5.105702179939114416e+01
9.601571336598532236e-01   8.698450685291162499e-01   8.819804405279367820e-01   3.071764762414985128e+01   2.535521215377171700e+01   2.831743755811738997e-02   5.394540563961133017e+01
9.620984457931039957e-01   8.474141169318727407e-01   8.586425414702938408e-01   3.155446816057669679e+01   2.599829141120185128e+01   2.685559815552870239e-02   5.712554186405148471e+01
9.640397579263547678e-01   8.244150102282219450e-01   8.347617569016108074e-01   3.247966163676907314e+01   2.675933759791801947e+01   2.538249996098884687e-02   6.064445613855002648e+01
9.659810700596055399e-01   8.008085682241699033e-01   8.102996719805661829e-01   3.337748653962136558e+01   2.749458496622036563e+01   2.399247670352754741e-02   6.455988432243051989e+01
9.679223821928563121e-01   7.765495740025016858e-01   7.852118596625742297e-01   3.455593881110252852e+01   2.841325121223659878e+01   2.247224647107555831e-02   6.894355574934694175e+01
9.698636943261070842e-01   7.515854417689524780e-01   7.594465556787453053e-01   3.558463772912679701e+01   2.930616541299670175e+01   2.112106486765674002e-02   7.388566226700953621e+01
9.718050064593578563e-01   7.258544905854478202e-01   7.329429378292077191e-01   3.704354119666285072e+01   3.039391788152131468e+01   1.959463018753828181e-02   7.950123814597849048e+01
9.737463185926086284e-01   6.992836647723379428e-01   7.056288557137428974e-01   3.829209358545413266e+01   3.155820305425229932e+01   1.826182899119342326e-02   8.593932061451954496e+01
9.756876307258594005e-01   6.717854736901928137e-01   6.774177811141046668e-01   4.013512509247034643e+01   3.280001245259789755e+01   1.673809343168647032e-02   9.339656490620870954e+01
9.776289428591101727e-01   6.432537953731980451e-01   6.482046263282965626e-01   4.185183392917240042e+01   3.435914924620600885e+01   1.536978753336839046e-02   1.021378557796522699e+02
9.795702549923609448e-01   6.135579870380070133e-01   6.178598727999868867e-01   4.404985034905297425e+01   3.603141880054692336e+01   1.392871898942099097e-02   1.125287799927751422e+02
9.809569065161115597e-01   5.915449464837365667e-01   5.954038980394166236e-01   4.564102040627832935e+01   3.738829382405025115e+01   1.296081772970974696e-02   1.212400377762259183e+02
9.823435580398621747e-01   5.687822399152082653e-01   5.722159795346855038e-01   4.782276810789654320e+01   3.896320690214258775e+01   1.189354490379845690e-02   1.313122783243865399e+02
9.837302095636127897e-01   5.451816214616655998e-01   5.482084121480241823e-01   4.955113169329275280e+01   4.064010123406725938e+01   1.100240504770270446e-02   1.430933803140305258e+02
9.851168610873634046e-01   5.206351012294589964e-01   5.232737983290313144e-01   5.259348041577780464e+01   4.274561029417441205e+01   9.899232701726103437e-03   1.570610984052481172e+02
9.865035126111140196e-01   4.950082803164832512e-01   4.972783859199605971e-01   5.484579970011159844e+01   4.481439281613882031e+01   9.025454693396987860e-03   1.738901898860634958e+02
9.874939779852215382e-01   4.759493019906813061e-01   4.779684478083950916e-01   5.801223155530728803e+01   4.700679507042836747e+01   8.204292254072731785e-03   1.881914840045702420e+02
9.884844433593290569e-01   4.561758349834690307e-01   4.579545659196558316e-01   6.051996308927589752e+01   4.893420501786614807e+01   7.537609273002070405e-03   2.049518346720887791e+02
9.894749087334365756e-01   4.355933498131889792e-01   4.371424069527122813e-01   6.362545989956570480e+01   5.167601241601570194e+01   6.846211414436664290e-03   2.248718330632413540e+02
9.904653741075440943e-01   4.140842962351598544e-01   4.154144657005877095e-01   6.767722216642391686e+01   5.429178884305044761e+01   6.118517914593069214e-03   2.489513822917907078e+02
0.000000000000000000e+00   0.000000000000000000e+00   0.000000000000000000e+00   0.000000000000000000e+00   0.000000000000000000e+00   0.000000000000000000e+00   0.000000000000000000e+00
