# freq   mass   ang   radius99   radius95   compactness   kappa
7.600777399584955907e-01   2.027107683520284809e+00   2.053486106997457039e+00   9.730060251959216089e+00   8.067310170493181332e+00   2.083345458330653488e-01   1.806704234945154752e+00
7.602019839350236952e-01   2.042265624130664037e+00   2.073427156215663647e+00   9.819126087887172005e+00   8.152775132666260305e+00   2.079885323654203089e-01   1.832596843737524628e+00
7.621432960682744673e-01   2.141599767112779773e+00   2.203957403712877294e+00   1.047217893945800959e+01   8.754581484862898222e+00   2.045037407681671027e-01   2.036861243927744702e+00
7.640846082015252394e-01   2.194906363445397801e+00   2.273816660948928980e+00   1.086787387084898349e+01   9.116717135133507455e+00   2.019628116344650559e-01   2.178950515908425256e+00
7.660259203347760115e-01   2.234790967030789943e+00   2.325952151603328577e+00   1.118947856734106594e+01   9.412484656015275064e+00   1.997225298374059044e-01   2.306195854483101382e+00
7.679672324680267836e-01   2.267234289874636488e+00   2.368252895592952711e+00   1.147741410674642459e+01   9.671128950793757895e+00   1.975387721300354560e-01   2.427005363035383390e+00
7.699085446012775558e-01   2.294689436693602147e+00   2.403959285989011097e+00   1.174026323905445146e+01   9.909369071398836937e+00   1.954546835934842242e-01   2.544760999352956077e+00
7.718498567345283279e-01   2.318452949658990292e+00   2.434786630984587585e+00   1.198493654170362177e+01   1.012865938528591947e+01   1.934472445132721097e-01   2.661230955419254141e+00
7.737911688677791000e-01   2.339310788474563196e+00   2.461776539947239328e+00   1.221601420179159625e+01   1.033693517310672050e+01   1.914954214879253103e-01   2.777484474639841938e+00
7.757324810010298721e-01   2.357782956887263026e+00   2.485619475556146707e+00   1.243581193411824515e+01   1.053595981043867624e+01   1.895962217327018806e-01   2.894234657965856439e+00
7.776737931342806442e-01   2.374235162212244177e+00   2.506802046594280409e+00   1.264498355046126221e+01   1.072671081999846621e+01   1.877610320913100095e-01   3.011994736666146810e+00
7.796151052675314164e-01   2.388936482476538004e+00   2.525683111829333694e+00   1.285543727581828755e+01   1.091077974842243314e+01   1.858308224933153674e-01   3.131150825349061417e+00
7.815564174007821885e-01   2.402091911942875413e+00   2.542536748760320098e+00   1.305789771570131208e+01   1.108921653818656416e+01   1.839570169901475760e-01   3.252011345672467968e+00
7.834977295340329606e-01   2.413862003219378494e+00   2.557578198732237240e+00   1.325069420023378264e+01   1.126260162547309385e+01   1.821687201246248999e-01   3.374830437556765705e+00
7.854390416672837327e-01   2.424375364826914847e+00   2.570980381513335189e+00   1.344179039845765367e+01   1.143121631077770317e+01   1.803610451406156556e-01   3.499824842623569410e+00
7.873803538005345048e-01   2.433736958193208011e+00   2.582884864852784013e+00   1.363330795111122029e+01   1.159855328891340420e+01   1.785140456681930665e-01   3.627185082316808362e+00
7.893216659337852770e-01   2.442033803502795308e+00   2.593409411715483337e+00   1.381189497945775635e+01   1.176327578465364709e+01   1.768065719537253166e-01   3.757082525757280855e+00
7.912629780670360491e-01   2.449339021833566221e+00   2.602653328868098193e+00   1.399960539201935461e+01   1.192412426266840875e+01   1.749577186818309649e-01   3.889675595040099410e+00
7.932042902002868212e-01   2.455714771248608486e+00   2.610701354047610057e+00   1.417748479268678174e+01   1.208043149961667773e+01   1.732123015582670844e-01   4.025110670961894677e+00
7.951456023335375933e-01   2.461214425991670396e+00   2.617626543195642697e+00   1.435539723254721345e+01   1.223787733812618406e+01   1.714487161951528948e-01   4.163529167859841174e+00
7.970869144667883655e-01   2.465884226170146576e+00   2.623492456111449211e+00   1.453218798962126890e+01   1.239349417678149123e+01   1.696843054831973230e-01   4.305066382216596210e+00
7.990282266000391376e-01   2.469764546519400028e+00   2.628354838801570725e+00   1.470484231792880792e+01   1.254370845055171024e+01   1.679558674021381093e-01   4.449854159113438179e+00
8.009695387332899097e-01   2.472890886949357991e+00   2.632262937831795213e+00   1.487943148316669983e+01   1.269687872029045650e+01   1.661952534777267898e-01   4.598021898674340413e+00
8.029108508665406818e-01   2.475294656685605332e+00   2.635260540789092332e+00   1.504965817162859665e+01   1.284723616960578596e+01   1.644751414588270233e-01   4.749699673702564517e+00
8.048521629997914539e-01   2.477003801517753345e+00   2.637386809813111466e+00   1.522015714884965121e+01   1.299364284605367992e+01   1.627449557381847878e-01   4.905014853524380491e+00
8.067934751330422261e-01   2.478043312305317158e+00   2.638676956540027430e+00   1.539163951881037740e+01   1.314449234499900143e+01   1.609993080514171004e-01   5.064096044001250796e+00
8.087347872662929982e-01   2.478435639558597359e+00   2.639162794007687385e+00   1.555511751889275551e+01   1.328716781601884378e+01   1.593324921234678948e-01   5.227075164383593098e+00
8.106760993995437703e-01   2.478201036164932702e+00   2.638873191952238795e+00   1.573028762817925674e+01   1.343751390659556399e+01   1.575432754150966896e-01   5.394083630153052589e+00
8.126174115327945424e-01   2.477357841358411861e+00   2.637834455497118480e+00   1.588558891395354244e+01   1.357977958847433619e+01   1.559500157518464158e-01   5.565255906067290148e+00
8.145587236660453145e-01   2.475922719366963065e+00   2.636070642485456972e+00   1.606500161014973571e+01   1.372773294616603579e+01   1.541190458270913222e-01   5.740729880584790834e+00
8.165000357992960867e-01   2.473910860348269125e+00   2.633603831223788827e+00   1.622722455022891808e+01   1.386918086330163291e+01   1.524543431743766442e-01   5.920644551067563377e+00
8.184413479325468588e-01   2.471336150420825106e+00   2.630454347838937501e+00   1.639346842730188314e+01   1.401619220842375668e+01   1.507512678833133057e-01   6.105145076305550589e+00
8.203826600657976309e-01   2.468211317819964279e+00   2.626640960476342546e+00   1.656522571125848486e+01   1.415597389480868884e+01   1.489995585235192321e-01   6.294379641770091460e+00
8.223239721990484030e-01   2.464548057135516501e+00   2.622181046095549473e+00   1.671832734111643859e+01   1.430353481489950163e+01   1.474159469933512823e-01   6.488499358548454943e+00
8.242652843322991751e-01   2.460357137542246164e+00   2.617090734452605538e+00   1.689687968338356683e+01   1.444056118631261221e+01   1.456101471777518364e-01   6.687661966092847798e+00
8.262065964655499473e-01   2.455648496065350628e+00   2.611385032985467536e+00   1.706260386955223396e+01   1.459008193660991282e+01   1.439199148523508942e-01   6.892030167070987368e+00
8.281479085988007194e-01   2.450431318556979932e+00   2.605077935627686969e+00   1.721682574970262181e+01   1.472839343036155135e+01   1.423277062904179657e-01   7.101771578775900373e+00
8.029108508665406818e-01   2.475294656590790510e+00   2.635260540787960348e+00   1.504965817158280039e+01   1.284723616956409309e+01   1.644751414530273848e-01   4.749699211842311364e+00
8.048521629997914539e-01   2.477003801495357038e+00   2.637386809812816590e+00   1.522015714884639337e+01   1.299364284605082709e+01   1.627449557367481314e-01   4.905014064880063529e+00
8.067934751330422261e-01   2.478043312353634064e+00   2.638676956541116336e+00   1.539163951879731407e+01   1.314449234498875541e+01   1.609993080546928967e-01   5.064095934465569826e+00
8.087347872662929982e-01   2.478435639624194664e+00   2.639162794007877455e+00   1.555511751890172611e+01   1.328716781602596875e+01   1.593324921275930950e-01   5.227075483102887610e+00
8.106760993995437703e-01   2.478201036181530981e+00   2.638873191951845332e+00   1.573028762817383530e+01   1.343751390659159739e+01   1.575432754162061633e-01   5.394083277561528611e+00
8.126174115327945424e-01   2.477357841344883127e+00   2.637834455497725106e+00   1.588558891395348738e+01   1.357977958847417099e+01   1.559500157509953189e-01   5.565256132367829345e+00
8.145587236660453145e-01   2.475922719398454319e+00   2.636070642486264770e+00   1.606500161016449013e+01   1.372773294617811501e+01   1.541190458289100063e-01   5.740729495171057017e+00
8.165000357992960867e-01   2.473910860325304384e+00   2.633603831223082725e+00   1.622722455020646493e+01   1.386918086328007682e+01   1.524543431731723853e-01   5.920644934862564490e+00
8.184413479325468588e-01   2.471336150480169636e+00   2.630454347838714124e+00   1.639346842732121345e+01   1.401619220843821800e+01   1.507512678867555522e-01   6.105145597421981485e+00
8.203826600657976309e-01   2.468211317802115445e+00   2.626640960475564501e+00   1.656522571129164589e+01   1.415597389483790280e+01   1.489995585221434715e-01   6.294379585639994446e+00
8.223239721990484030e-01   2.464548057077536214e+00   2.622181046096318635e+00   1.671832734112445351e+01   1.430353481490622336e+01   1.474159469898125574e-01   6.488498728351425271e+00
8.242652843322991751e-01   2.460357137580786002e+00   2.617090734452549139e+00   1.689687968337700497e+01   1.444056118630742169e+01   1.456101471800892722e-01   6.687662289223011314e+00
8.262065964655499473e-01   2.455648496036474171e+00   2.611385032986471177e+00   1.706260386953672281e+01   1.459008193659680508e+01   1.439199148507893655e-01   6.892029646272789911e+00
8.281479085988007194e-01   2.450431318588812246e+00   2.605077935627232666e+00   1.721682574970765955e+01   1.472839343036424609e+01   1.423277062922252423e-01   7.101771564498897682e+00
8.300892207320514915e-01   2.444714111222197062e+00   2.598182517983301576e+00   1.739876693946188269e+01   1.487569075991461709e+01   1.405107683624048920e-01   7.317059703813439064e+00
8.320305328653022636e-01   2.438504762506795487e+00   2.590711020945841270e+00   1.756120454515091822e+01   1.501731453234220659e+01   1.388574887467002861e-01   7.538073698776137199e+00
8.339718449985530357e-01   2.431810598437664339e+00   2.582674924372213354e+00   1.771962538829507494e+01   1.515990787200049539e+01   1.372382623869705387e-01   7.765002516200708804e+00
8.359131571318038079e-01   2.424638430722893645e+00   2.574085012268821249e+00   1.790238963478099876e+01   1.530629331129376602e+01   1.354365802659257267e-01   7.998037812471785024e+00
8.378544692650545800e-01   2.416994600063276266e+00   2.564951430616247752e+00   1.806577171504583035e+01   1.544225862037148467e+01   1.337886162953291214e-01   8.237383364071003911e+00
8.397957813983053521e-01   2.408885014247289291e+00   2.555283738835998353e+00   1.822431599011963144e+01   1.559445608087067470e+01   1.321797216177152401e-01   8.483248112385306072e+00
8.417370935315561242e-01   2.400315182051485863e+00   2.545090955712260961e+00   1.841043281778268081e+01   1.573641390800320039e+01   1.303779876230294621e-01   8.735850590889619127e+00
8.436784056648068963e-01   2.391290243953221761e+00   2.534381600493186948e+00   1.857708703394413519e+01   1.588037093235443464e+01   1.287225623470378277e-01   8.995418550979971783e+00
8.456197177980576685e-01   2.381814999119228560e+00   2.523163729727004423e+00   1.872841106055383520e+01   1.603011433923144935e+01   1.271765656690361790e-01   9.262189194195373787e+00
8.475610299313084406e-01   2.371893930094643110e+00   2.511444970395900089e+00   1.892355039057877519e+01   1.616943516305190442e+01   1.253408520673534587e-01   9.536411606681955533e+00
8.495023420645592127e-01   2.361531224558689246e+00   2.499232549758540145e+00   1.909819734796205992e+01   1.632137789296331221e+01   1.236520484908846529e-01   9.818344354963175036e+00
8.514436541978099848e-01   2.350730795333561218e+00   2.486533322254959266e+00   1.925516480109968498e+01   1.646987964489840550e+01   1.220831304024626307e-01   1.010825830600006370e+01
8.533849663310607569e-01   2.339496297962455174e+00   2.473353793844037529e+00   1.944220324875462680e+01   1.660837626377634635e+01   1.203308219767896953e-01   1.040643680808946137e+01
8.553262784643115291e-01   2.327831147155393410e+00   2.459700144029557833e+00   1.962764959538415965e+01   1.676751430601505533e+01   1.185995875788831144e-01   1.071317813934082608e+01
8.572675905975623012e-01   2.315738530957560215e+00   2.445578245811306228e+00   1.979433391420165833e+01   1.691650098922933054e+01   1.169899700083420618e-01   1.102879155532835931e+01
8.592089027308130733e-01   2.303221424307025700e+00   2.430993683790910520e+00   1.996179345224219759e+01   1.705840846831820556e+01   1.153814876312287269e-01   1.135360511585911247e+01
8.611502148640638454e-01   2.290282600573505079e+00   2.415951770617195571e+00   2.016488443603670433e+01   1.722096001888177597e+01   1.135777697034819900e-01   1.168795997476993342e+01
8.630915269973146176e-01   2.276924642523567854e+00   2.400457561892599401e+00   2.034702381144933270e+01   1.737234616197856596e+01   1.119045548687241098e-01   1.203221622659395251e+01
8.650328391305653897e-01   2.263149952046319413e+00   2.384515869753914608e+00   2.051103677810027648e+01   1.751707449250712045e+01   1.103381548446490251e-01   1.238675313834837688e+01
8.669741512638161618e-01   2.248960758739713128e+00   2.368131275178286810e+00   2.070663511962483128e+01   1.768405375911094524e+01   1.086106335359262598e-01   1.275196786013751726e+01
8.689154633970669339e-01   2.234359128205710476e+00   2.351308139159365318e+00   2.090830467581469776e+01   1.783961973709948623e+01   1.068646723323419395e-01   1.312828041184853767e+01
8.708567755303177060e-01   2.219346968618651772e+00   2.334050612842203609e+00   2.108967069965092023e+01   1.798515812145297232e+01   1.052338369918401212e-01   1.351613349069002901e+01
8.727980876635684782e-01   2.203926037433006968e+00   2.316362646699894778e+00   2.125344675140697959e+01   1.815836188779901406e+01   1.036973467509267333e-01   1.391599023871615337e+01
8.747393997968192503e-01   2.188097947170490443e+00   2.298247998808107262e+00   2.147381836449223158e+01   1.832032559533215021e+01   1.018960815459160618e-01   1.432834614310648647e+01
8.766807119300700224e-01   2.171864170187745913e+00   2.279710242285758248e+00   2.168100609373515653e+01   1.847190583365347294e+01   1.001735879229016801e-01   1.475372085415023271e+01
8.786220240633207945e-01   2.155226043002699043e+00   2.260752771985695020e+00   2.186734738007220358e+01   1.864581992217059536e+01   9.855909843764427969e-02   1.519266406520493540e+01
8.805633361965715666e-01   2.138184770661723633e+00   2.241378810420798562e+00   2.203656467300646682e+01   1.881645433108404575e+01   9.702895176219902829e-02   1.564576044552662459e+01
8.825046483298223388e-01   2.120741429422309920e+00   2.221591413012481642e+00   2.227629059340145901e+01   1.897604495890642795e+01   9.520173120970609748e-02   1.611362793889994194e+01
8.844459604630731109e-01   2.102896969834432639e+00   2.201393472663136119e+00   2.249135031526586204e+01   1.914733937828137655e+01   9.349803103671834592e-02   1.659692249900293248e+01
8.863872725963238830e-01   2.084652218987230299e+00   2.180787723710533754e+00   2.268505356852390875e+01   1.932960657926050629e+01   9.189540649265816319e-02   1.709634054668596548e+01
8.883285847295746551e-01   2.066007881846076089e+00   2.159776745235184592e+00   2.286104143998511162e+01   1.949998698776936124e+01   9.037243063793778952e-02   1.761262499762825229e+01
8.902698968628254272e-01   2.046964543099534239e+00   2.138362963772186376e+00   2.311910461284931984e+01   1.966446946871093360e+01   8.853995764013525283e-02   1.814656488645278998e+01
8.922112089960761994e-01   2.027522667324888062e+00   2.116548655425826375e+00   2.335020282126553681e+01   1.986176283616755711e+01   8.683105165486525168e-02   1.869900241376507211e+01
8.941525211293269715e-01   2.007682599211079832e+00   2.094335947369056594e+00   2.355800164788299256e+01   2.004587702950152917e+01   8.522295860317581628e-02   1.927083595544220884e+01
8.960938332625777436e-01   1.987444563536314490e+00   2.071726818748164334e+00   2.374567482795690410e+01   2.021845269441865156e+01   8.369711865153658947e-02   1.986302667682157619e+01
8.980351453958285157e-01   1.966808664008226515e+00   2.048723100950596177e+00   2.401673783007007046e+01   2.041393069332080046e+01   8.189324786423286817e-02   2.047660293920762342e+01
8.999764575290792878e-01   1.945774881762304176e+00   2.025326477278616366e+00   2.426682155407139518e+01   2.061585984759856771e+01   8.018251905906685628e-02   2.111266620406914640e+01
9.019177696623300600e-01   1.924343073490376810e+00   2.001538481891332211e+00   2.449173756216015008e+01   2.080486937758272603e+01   7.857111275206116185e-02   2.177240122887528173e+01
9.038590817955808321e-01   1.902512968561381745e+00   1.977360498133158950e+00   2.469494504106915755e+01   2.098814641346902121e+01   7.704058322046840324e-02   2.245707879628985637e+01
9.058003939288316042e-01   1.880284165697048593e+00   1.952793756033381678e+00   2.497546634253655995e+01   2.121274898785016561e+01   7.528524752687693056e-02   2.316806799261004812e+01
9.077417060620823763e-01   1.857656128879853208e+00   1.927839329102553290e+00   2.525618917391156870e+01   2.142240751507165797e+01   7.355251087518471786e-02   2.390684632837815471e+01
9.096830181953331484e-01   1.834628182397750606e+00   1.902498130211010885e+00   2.550773624811843732e+01   2.161906078863017910e+01   7.192438264814976501e-02   2.467500997273240770e+01
9.116243303285839206e-01   1.811199504895853574e+00   1.876770906563205221e+00   2.573422571950396787e+01   2.183850567406719279e+01   7.038095976297999157e-02   2.547428673537353205e+01
9.135656424618346927e-01   1.787369122644463459e+00   1.850658233650824824e+00   2.601976753825021049e+01   2.207475988175382753e+01   6.869273985699340945e-02   2.630654617638601067e+01
9.155069545950854648e-01   1.763135901769032898e+00   1.824160508061194896e+00   2.633532213499133690e+01   2.229586036820566619e+01   6.694947161578028438e-02   2.717382424791911433e+01
9.174482667283362369e-01   1.738498538957855999e+00   1.797277939028923299e+00   2.661775833285129877e+01   2.250386087155650117e+01   6.531348422426028200e-02   2.807833469990581676e+01
9.193895788615870091e-01   1.713455550914659398e+00   1.770010538601202166e+00   2.687184358076387625e+01   2.276745856530744661e+01   6.376397457676595548e-02   2.902249167997186419e+01
9.213308909948377812e-01   1.688005262471619972e+00   1.742358110166100982e+00   2.715930760776276287e+01   2.301936118071794724e+01   6.215199911757502554e-02   3.000893797949033370e+01
9.232722031280885533e-01   1.662145792628621166e+00   1.714320235205061493e+00   2.752805951078187974e+01   2.325548634201745557e+01   6.038005664647777548e-02   3.104056693200414330e+01
9.252135152613393254e-01   1.635875038587300656e+00   1.685896257954155875e+00   2.785607175779259492e+01   2.350594108801782411e+01   5.872597733130383718e-02   3.212055864977194375e+01
9.271548273945900975e-01   1.609190657736121466e+00   1.657085267727593347e+00   2.814946188863905263e+01   2.379755709708773637e+01   5.716594740255339507e-02   3.325241446293655656e+01
9.290961395278408697e-01   1.582090046473126677e+00   1.627886078466834530e+00   2.844728247931783116e+01   2.407006246212468881e+01   5.561480424794042893e-02   3.444000057672050019e+01
9.310374516610916418e-01   1.554570316285548870e+00   1.598297205150084999e+00   2.887443829413577490e+01   2.432627603317374820e+01   5.383898036213133342e-02   3.568760246883925902e+01
9.329787637943424139e-01   1.526628265753856795e+00   1.568316836487214871e+00   2.925337342582215783e+01   2.464356423788644435e+01   5.218640064281582225e-02   3.699997833126307256e+01
9.349200759275931860e-01   1.498260348900771532e+00   1.537942803259095603e+00   2.959158762464264214e+01   2.496212649827652541e+01   5.063129318729363282e-02   3.838243199022306129e+01
9.368613880608439581e-01   1.469462637516585568e+00   1.507172541593095216e+00   2.990896450407124618e+01   2.526026340786188484e+01   4.913117728688201624e-02   3.984089155209569100e+01
9.388027001940947303e-01   1.440230778151658342e+00   1.476003050131439842e+00   3.042313869045498365e+01   2.557354156222007191e+01   4.733998003314231207e-02   4.138201700412047046e+01
9.407440123273455024e-01   1.410559941947553853e+00   1.444430840027547180e+00   3.087489336928459238e+01   2.595147295511324970e+01   4.568630974935859734e-02   4.301330487677075354e+01
9.426853244605962745e-01   1.380444765069455570e+00   1.412451876286751951e+00   3.127460302341918208e+01   2.630383129088269811e+01   4.413948161182878333e-02   4.474323696311093812e+01
9.446266365938470466e-01   1.349879279870378701e+00   1.380061508680302973e+00   3.166726983334460144e+01   2.663493666061974352e+01   4.262695480142086879e-02   4.658144884031463562e+01
9.465679487270978187e-01   1.318856832345659313e+00   1.347254390082821551e+00   3.226989578987879526e+01   2.707110077056736586e+01   4.086957209075675612e-02   4.853893671946971722e+01
9.485092608603485909e-01   1.287369985153304697e+00   1.314024379357865646e+00   3.279707435145635230e+01   2.749174481108927637e+01   3.925258611050894131e-02   5.062831151750577874e+01
9.504505729935993630e-01   1.255410401080439442e+00   1.280364425330748901e+00   3.326216017734168418e+01   2.788498039467522815e+01   3.774290047270080495e-02   5.286411578223816576e+01
9.523918851268501351e-01   1.222968703064111651e+00   1.246266427394223220e+00   3.380950252617347473e+01   2.836642556962721073e+01   3.617233652335925115e-02   5.526320435628764471e+01
9.543331972601009072e-01   1.190034305982067053e+00   1.211721066835744098e+00   3.453555464287403254e+01   2.887425301414840462e+01   3.445823639689583884e-02   5.784525454423781099e+01
9.562745093933516793e-01   1.156595210119235162e+00   1.176717601542010661e+00   3.516202537289802166e+01   2.934736846620496920e+01   3.289330457655345596e-02   6.063335820261747244e+01
9.582158215266024515e-01   1.122637749718137457e+00   1.141243614111393745e+00   3.570863605563873477e+01   2.991539900120002926e+01   3.143883031457490179e-02   6.365483791149652859e+01
9.601571336598532236e-01   1.088146280958881107e+00   1.105284700438322387e+00   3.658701160883995840e+01   3.053160258096895774e+01   2.974132712976123444e-02   6.694226173595390605e+01
9.620984457931039957e-01   1.053102792995559867e+00   1.068824081236969814e+00   3.741449708593962953e+01   3.110257420275759799e+01   2.814691830753796031e-02   7.053478133837606379e+01
9.640397579263547678e-01   1.017486418844669060e+00   1.031842112888298413e+00   3.812650218873081798e+01   3.182867749132100244e+01   2.668711684612419185e-02   7.447990834195303478e+01
9.659810700596055399e-01   9.812728118341738082e-01   9.943156650385200912e-01   3.912725832602082932e+01   3.257871077235153479e+01   2.507900767434035130e-02   7.883589477429299563e+01
9.679223821928563121e-01   9.444333446599557647e-01   9.562173195430304640e-01   4.024750719599319382e+01   3.328380046266995151e+01   2.346563577368533313e-02   8.367497624247317844e+01
9.698636943261070842e-01   9.069340635985554400e-01   9.175143263643856795e-01   4.118251731799614390e+01   3.428567802855024382e+01   2.202230758735670632e-02   8.908786204743033466e+01
9.718050064593578563e-01   8.687343079042193494e-01   8.781672233926345328e-01   4.253680386807969427e+01   3.519341216934755323e+01   2.042312136564006578e-02   9.519010453259092230e+01
9.737463185926086284e-01   8.297848540712493559e-01   8.381279830878888282e-01   4.395399853487226238e+01   3.632993747710883525e+01   1.887848390887381794e-02   1.021312710756163256e+02
9.756876307258594005e-01   7.900253803095438343e-01   7.973374790518386046e-01   4.512028378067860501e+01   3.753412379545574851e+01   1.750931763084008497e-02   1.101085163963955864e+02
9.776289428591101727e-01   7.493809287674366715e-01   7.557219521083760050e-01   4.732356702742202970e+01   3.892004892875527133e+01   1.583525874820893714e-02   1.193872482897366893e+02
9.795702549923609448e-01   7.077568549366334283e-01   7.131879644896423898e-01   4.907698011063562404e+01   4.051396615159760017e+01   1.442136116242517634e-02   1.303335575677727149e+02
9.809569065161115597e-01   6.773595370808607186e-01   6.821788299299638147e-01   5.081483435096019718e+01   4.172449502755087991e+01   1.332995661075221661e-02   1.394528207921199510e+02
9.823435580398621747e-01   6.463454280249152362e-01   6.505851829537682152e-01   5.285776713609913458e+01   4.332362506642309796e+01   1.222801232524055315e-02   1.499427841404389596e+02
9.837302095636127897e-01   6.146460400797195689e-01   6.183389920273024698e-01   5.451268009361132982e+01   4.476347507185721497e+01   1.127528565875361710e-02   1.621517662977811938e+02
9.851168610873634046e-01   5.821758412441795372e-01   5.853551817359772258e-01   5.732365774603945852e+01   4.689375405078585146e+01   1.015594370867589288e-02   1.765583399705433010e+02
9.865035126111140196e-01   5.488261691299385348e-01   5.515255292199118253e-01   6.016090015242676969e+01   4.890107701446964938e+01   9.122638918955736781e-03   1.938390555407407874e+02
9.874939779852215382e-01   5.243901385844083052e-01   5.267674556005004227e-01   6.175566996357582639e+01   5.084568959749961437e+01   8.491368305026881363e-03   2.084729015147336497e+02
9.884844433593290569e-01   4.993695810445615280e-01   5.014422793521956523e-01   6.529207729059848475e+01   5.299427188474756889e+01   7.648241590200816238e-03   2.255774973451140681e+02
9.894749087334365756e-01   4.736839761312695019e-01   4.754694279559849579e-01   6.824695654970250303e+01   5.492486896918653372e+01   6.940734064621587214e-03   2.458595419742214858e+02
9.904653741075440943e-01   4.472317608532421218e-01   4.487470059308040771e-01   7.059566149443139693e+01   5.828260682189191755e+01   6.335116795931147390e-03   2.703309164956723407e+02
8.844796811318350604e-01   1.044444633282068935e+00   8.065671767056660224e-01   9.748804540121502882e+00   7.013364575422817992e+00   1.071356625300697307e-01   2.412946724423164380e+00
8.835979848370723033e-01   1.042629519904949120e+00   8.045140204764326120e-01   9.629816892945660456e+00   6.913752555646833109e+00   1.082709600292326713e-01   2.357809034400192516e+00
8.827162885423095462e-01   1.041249190153848758e+00   8.029511120341538133e-01   9.516847822663248024e+00   6.821285340033075073e+00   1.094111421719108357e-01   2.307205944279345999e+00
8.818345922475467891e-01   1.040235353722323453e+00   8.018020308503611693e-01   9.413861223315262095e+00   6.734983414792191425e+00   1.105003918207310976e-01   2.260478857177706136e+00
8.809528959527840319e-01   1.039536008238883369e+00   8.010086059612570031e-01   9.313470975475580005e+00   6.654063603965928664e+00   1.116163899556041617e-01   2.217105821320999315e+00
8.803231128850963483e-01   1.039206156923569324e+00   8.006340561837447245e-01   9.247230837527670388e+00   6.599201713537048875e+00   1.123802547143302744e-01   2.187954452785000115e+00
8.796933298174086646e-01   1.039003703052344463e+00   8.004040057165640043e-01   9.180747584011340834e+00   6.546897561047366310e+00   1.131720149742286019e-01   2.160174533927174068e+00
8.790635467497209810e-01   1.038918199098930017e+00   8.003067811017907651e-01   9.118769581962025583e+00   6.496235569697700107e+00   1.139318402291938231e-01   2.133663783895254795e+00
8.784337636820332973e-01   1.038940589240496593e+00   8.003322674767238132e-01   9.058171998803098646e+00   6.447945078961931031e+00   1.146964960896941499e-01   2.108324081103587488e+00
8.778039806143456136e-01   1.039062967389781988e+00   8.004716374182836436e-01   8.997844436581598160e+00   6.401331926555260843e+00   1.154790988789906186e-01   2.084074196686208413e+00
8.771741975466579300e-01   1.039278386358660100e+00   8.007171374947411602e-01   8.942469610103950473e+00   6.356256121962868377e+00   1.162182743326738710e-01   2.060839128562761857e+00
8.761426877391151891e-01   1.039816416111193575e+00   8.013308883451372155e-01   8.851277253075535256e+00   6.286251644403385797e+00   1.174764258740048778e-01   2.024787815818112513e+00
8.725856275216452573e-01   1.043169709661583511e+00   8.051668321272085205e-01   8.574041722556165368e+00   6.073065789667004388e+00   1.216660407561656887e-01   1.916642750187992572e+00
8.672798208406116149e-01   1.051510490581335944e+00   8.147566944516734244e-01   8.231387302739102907e+00   5.819812318805727358e+00   1.277440183420153197e-01   1.790370171571749713e+00
8.481025794310778076e-01   1.102864001345437828e+00   8.746933455357274179e-01   7.438587668627796745e+00   5.302196139753223569e+00   1.482625533872190260e-01   1.524124259101880874e+00
8.189329176089298334e-01   1.227585961264026082e+00   1.024535005301628221e+00   7.006763149816516822e+00   5.167737524881169442e+00   1.752001509136458246e-01   1.364495872929392117e+00
7.992737208742562993e-01   1.348740843541122558e+00   1.174376695637377788e+00   7.080266645916291957e+00   5.376762552256299621e+00   1.904929448270200609e-01   1.334946032190090781e+00
7.893007210701775689e-01   1.428068516753455919e+00   1.274271168500892948e+00   7.237025854351935905e+00   5.584346079925947670e+00   1.973280938183600286e-01   1.340478382700127424e+00
7.812136992455454010e-01   1.506497350526956325e+00   1.374165649751308393e+00   7.445308821101499497e+00   5.824420876311807937e+00   2.023418217733615743e-01   1.358851683295716040e+00
7.746943393825183044e-01   1.584198796760006189e+00   1.474060137679549465e+00   7.692183623820627147e+00   6.089616573927013832e+00   2.059491653129766620e-01   1.388049213317624764e+00
7.695246210915884788e-01   1.661317907395073012e+00   1.573954631500057433e+00   7.970878375389738757e+00   6.376129980166946432e+00   2.084234420794110476e-01   1.427625895176529491e+00
7.655530335630933436e-01   1.737981472553087769e+00   1.673849130224140058e+00   8.278889896098952761e+00   6.683054472057848194e+00   2.099292893570225971e-01   1.478137181003697620e+00
7.635186730924435894e-01   1.788894214927722714e+00   1.740445465004835102e+00   8.498972352778421779e+00   6.899598000662805042e+00   2.104835903299427102e-01   1.518533492120527573e+00
7.619503696387889269e-01   1.839687085918285669e+00   1.807041801357821109e+00   8.733996948695317286e+00   7.125525511931540379e+00   2.106351876151156266e-01   1.565009272150510888e+00
7.608354644128869637e-01   1.890390660484854379e+00   1.873638138935860287e+00   8.979940520092593914e+00   7.363011842412732655e+00   2.105126037589124532e-01   1.618391293054201041e+00
7.601688320909276708e-01   1.941034919751814636e+00   1.940234477475820229e+00   9.244296813720756845e+00   7.611985039040241929e+00   2.099710728533567550e-01   1.679758931875861894e+00
7.599534959819674862e-01   1.991649769802506853e+00   2.006830816650656768e+00   9.523123585361490839e+00   7.874370475881648623e+00   2.091382887085472264e-01   1.750534002022144042e+00
7.600777399584955907e-01   2.027107683565532170e+00   2.053486107012418849e+00   9.730060252079089977e+00   8.067310170591456497e+00   2.083345458351489599e-01   1.806705047592231717e+00
7.602019839350236952e-01   2.042265624175229277e+00   2.073427156229424195e+00   9.819126087930726499e+00   8.152775132711598260e+00   2.079885323690363608e-01   1.832596232766709576e+00
7.621432960682744673e-01   2.141599767136995069e+00   2.203957403717634378e+00   1.047217893951567902e+01   8.754581484909259359e+00   2.045037407693532649e-01   2.036861464967617774e+00
7.640846082015252394e-01   2.194906363412314931e+00   2.273816660950062740e+00   1.086787387084826584e+01   9.116717135134063454e+00   2.019628116314342858e-01   2.178950462766153340e+00
7.660259203347760115e-01   2.234790967028061459e+00   2.325952151603039031e+00   1.118947856735196922e+01   9.412484656024213692e+00   1.997225298369674495e-01   2.306196008474497017e+00
7.679672324680267836e-01   2.267234289859288765e+00   2.368252895595241547e+00   1.147741410678510832e+01   9.671128950825712778e+00   1.975387721280324749e-01   2.427005485657828032e+00
7.699085446012775558e-01   2.294689436717249009e+00   2.403959285989222927e+00   1.174026323903559899e+01   9.909369071385215832e+00   1.954546835958122508e-01   2.544761478003669364e+00
7.718498567345283279e-01   2.318452949689572051e+00   2.434786630987771705e+00   1.198493654173946155e+01   1.012865938531437138e+01   1.934472445152453091e-01   2.661231296854551509e+00
7.737911688677791000e-01   2.339310788386683271e+00   2.461776539945952358e+00   1.221601420179364617e+01   1.033693517310689280e+01   1.914954214806993404e-01   2.777483361177796706e+00
7.757324810010298721e-01   2.357782956899995952e+00   2.485619475556922975e+00   1.243581193412888730e+01   1.053595981044794527e+01   1.895962217335635247e-01   2.894235034864327982e+00
7.776737931342806442e-01   2.374235162189165749e+00   2.506802046593626265e+00   1.264498355053973455e+01   1.072671082006983845e+01   1.877610320883196793e-01   3.011995388136567087e+00
0.000000000000000000e+00   0.000000000000000000e+00   0.000000000000000000e+00   0.000000000000000000e+00   0.000000000000000000e+00   0.000000000000000000e+00   0.000000000000000000e+00
