# freq   mass   ang   radius99   radius95   compactness   kappa
7.507119345458622695e-01   1.752766922203022659e+00   1.749487775909220666e+00   8.110053512174083323e+00   6.654046549790426646e+00   2.161227320598965718e-01   1.561610860494101694e+00
8.766807119300700224e-01   1.939225460880038554e+00   2.032452674275579518e+00   1.970175195352349817e+01   1.669670995928046864e+01   9.842908719258461336e-02   1.370706427548555340e+01
8.786220240633207945e-01   1.924928542835345979e+00   2.016162780217440886e+00   1.989724875449827834e+01   1.686000944718283279e+01   9.674345265448656972e-02   1.410693765703876856e+01
8.805633361965715666e-01   1.910293584149826529e+00   1.999524524514674662e+00   2.007376751535975856e+01   1.701276283767801800e+01   9.516367979693574064e-02   1.451980880540118335e+01
8.825046483298223388e-01   1.895320970961279272e+00   1.982539879405679661e+00   2.025678834917797388e+01   1.716742988003543502e+01   9.356473189582355243e-02   1.494625418999376265e+01
8.844459604630731109e-01   1.880010985731587425e+00   1.965210687119162802e+00   2.047380887434103158e+01   1.733709640294048882e+01   9.182517025875563954e-02   1.538688740710622582e+01
8.863872725963238830e-01   1.864363807754443547e+00   1.947538661086578582e+00   2.066944996089980435e+01   1.749584792386366416e+01   9.019900438963023015e-02   1.584235742189069818e+01
8.883285847295746551e-01   1.848379512838050687e+00   1.929525386686543609e+00   2.084650113930632642e+01   1.765775440172116717e+01   8.866617474492681505e-02   1.631336400963519040e+01
8.902698968628254272e-01   1.832058072097765944e+00   1.911172321485171022e+00   2.106831289147865505e+01   1.783580112994535938e+01   8.695798669473743525e-02   1.680064384291249269e+01
8.922112089960761994e-01   1.815399351164273867e+00   1.892480794938083966e+00   2.129104795082141166e+01   1.800247366386140513e+01   8.526585235999319112e-02   1.730498880098667769e+01
8.941525211293269715e-01   1.798403108011825680e+00   1.873452007593806812e+00   2.149180436901226443e+01   1.817135206490784327e+01   8.367855379350254419e-02   1.782724129808601887e+01
8.960938332625777436e-01   1.781068991266693047e+00   1.854087029719450053e+00   2.168151551515088471e+01   1.836003833878635660e+01   8.214688636604276784e-02   1.836830811612586700e+01
8.980351453958285157e-01   1.763396537125004215e+00   1.834386799356838127e+00   2.193676504555617157e+01   1.853659720946336975e+01   8.038544121993153324e-02   1.892915968240487956e+01
8.999764575290792878e-01   1.745385165815718898e+00   1.814352119751207359e+00   2.216620186234967349e+01   1.871185369536482312e+01   7.874083149898301881e-02   1.951083176521248319e+01
9.019177696623300600e-01   1.727034178214012172e+00   1.793983656132892568e+00   2.237328728697547220e+01   1.891383339057045276e+01   7.719179377003748677e-02   2.011444669472394153e+01
9.038590817955808321e-01   1.708342750613951466e+00   1.773281931758729391e+00   2.260330931966666057e+01   1.910281132274689142e+01   7.557932010989021343e-02   2.074120566602975302e+01
9.058003939288316042e-01   1.689309929978890068e+00   1.752247323212385410e+00   2.287348563642909838e+01   1.928434365072283896e+01   7.385450371798328584e-02   2.139240938573605888e+01
9.077417060620823763e-01   1.669934626882536577e+00   1.730880054833787041e+00   2.311594098847245249e+01   1.950274116849658412e+01   7.224168930502575248e-02   2.206945626059707877e+01
9.096830181953331484e-01   1.650215609558244756e+00   1.709180192229500683e+00   2.333449964072876170e+01   1.970684778166175377e+01   7.071999121326379145e-02   2.277386550784193631e+01
9.116243303285839206e-01   1.630151494761776121e+00   1.687147634732893975e+00   2.361340021184606286e+01   1.989852574615179748e+01   6.903501741117244739e-02   2.350727958470072565e+01
9.135656424618346927e-01   1.609740739226140249e+00   1.664782106742613177e+00   2.389892072464137840e+01   2.013279318197246326e+01   6.735621067466826539e-02   2.427148724740145980e+01
9.155069545950854648e-01   1.588981628858391337e+00   1.642083147766181916e+00   2.415525624261485049e+01   2.035552672863646251e+01   6.578202329541428528e-02   2.506842578457620618e+01
9.174482667283362369e-01   1.567872267077405013e+00   1.619050100993056684e+00   2.438654198016308783e+01   2.056460281418128844e+01   6.429252119274517230e-02   2.590021662461477092e+01
9.193895788615870091e-01   1.546410561101765779e+00   1.595682100266041958e+00   2.472705643970678580e+01   2.081276337063333770e+01   6.253920942318612342e-02   2.676917324576987056e+01
9.213308909948377812e-01   1.524594206694132481e+00   1.571978055174706457e+00   2.503671491012822159e+01   2.105802537671993591e+01   6.089433906032860194e-02   2.767783113589057109e+01
9.232722031280885533e-01   1.502420670940978198e+00   1.547936634047875737e+00   2.531390556069680287e+01   2.128789084485394412e+01   5.935159500925395182e-02   2.862897080494081692e+01
9.252135152613393254e-01   1.479887171948689684e+00   1.523556244492372924e+00   2.560737961403149043e+01   2.155279245302392965e+01   5.779143333891881978e-02   2.962565663417436923e+01
9.271548273945900975e-01   1.456990656603238676e+00   1.498835011170841502e+00   2.598204575111201819e+01   2.182551766727153364e+01   5.607682591894751906e-02   3.067126248153661905e+01
9.290961395278408697e-01   1.433727774539534039e+00   1.473770750312397793e+00   2.631551464585991695e+01   2.208089129074438972e+01   5.448222441528785542e-02   3.176952842626683093e+01
9.310374516610916418e-01   1.410094848610697227e+00   1.448360940506086214e+00   2.661405504905271613e+01   2.236807601731945638e+01   5.298308904868997971e-02   3.292459891103507630e+01
9.329787637943424139e-01   1.386087841154107991e+00   1.422602689101965856e+00   2.700205473135426004e+01   2.267391469140597238e+01   5.133268023283464598e-02   3.414108706609253119e+01
9.349200759275931860e-01   1.361702314520584878e+00   1.396492693501667937e+00   2.741592290030408563e+01   2.295966906951639430e+01   4.966830113552301446e-02   3.542414652526236551e+01
9.368613880608439581e-01   1.336933386381474520e+00   1.370027196399348224e+00   2.778243415630847579e+01   2.327733158928889878e+01   4.812153531471255463e-02   3.677954551313992937e+01
9.388027001940947303e-01   1.311775677445439214e+00   1.343201933928195091e+00   2.812528365291236909e+01   2.362318690081319517e+01   4.664044258659787862e-02   3.821377004298004465e+01
9.407440123273455024e-01   1.286223250828015585e+00   1.316012075298688133e+00   2.863576493282435464e+01   2.394596150906459897e+01   4.491667164628995040e-02   3.973414387401383863e+01
9.426853244605962745e-01   1.260269541059528819e+00   1.288452152352090874e+00   2.908430691885358499e+01   2.430881026747193019e+01   4.333159956590104667e-02   4.134895588278073575e+01
9.446266365938470466e-01   1.233907271616999424e+00   1.260515976916336101e+00   2.948139565194558998e+01   2.470252188066634602e+01   4.185376045911751858e-02   4.306764869707321708e+01
9.465679487270978187e-01   1.207128356840257766e+00   1.232196543536554278e+00   3.001096544464174798e+01   2.506904056292693639e+01   4.022290982497473549e-02   4.490100845745912039e+01
9.485092608603485909e-01   1.179923786902122629e+00   1.203485914324322170e+00   3.057575505458702025e+01   2.549888476772174783e+01   3.859017658911774451e-02   4.686142790688450077e+01
9.504505729935993630e-01   1.152283490236527541e+00   1.174375081993475067e+00   3.106842788825657209e+01   2.594966832221176389e+01   3.708856767329622023e-02   4.896321775207021432e+01
9.523918851268501351e-01   1.124196169448737237e+00   1.144853806062274160e+00   3.162043543569168236e+01   2.636909388237507912e+01   3.555283644765361989e-02   5.122299733262921251e+01
9.543331972601009072e-01   1.095649103863593155e+00   1.114910415687835554e+00   3.231790010535268465e+01   2.690192839406592284e+01   3.390223684991603564e-02   5.366018537577380698e+01
9.562745093933516793e-01   1.066627910187776251e+00   1.084531570877827811e+00   3.292028037813747687e+01   2.741943808729400089e+01   3.240032885309595406e-02   5.629761253773268947e+01
9.582158215266024515e-01   1.037116250581902932e+00   1.053701971150861949e+00   3.354097432240550347e+01   2.793993961801064430e+01   3.092087428984151981e-02   5.916232065381944949e+01
9.601571336598532236e-01   1.007095474185234707e+00   1.022403997380845864e+00   3.442389630247975418e+01   2.858871107674663037e+01   2.925570845717100771e-02   6.228659235748619238e+01
9.620984457931039957e-01   9.765441719679301968e-01   9.906172677748857902e-01   3.517077038399055056e+01   2.918465409406572064e+01   2.776578850295656833e-02   6.570927924873308257e+01
9.640397579263547678e-01   9.454376202965022458e-01   9.583180823051947739e-01   3.598770827240210934e+01   2.991701853675365541e+01   2.627112605060016870e-02   6.947757896784474951e+01
9.659810700596055399e-01   9.137470777081945217e-01   9.254787204254377730e-01   3.705415601418908267e+01   3.066182276181988442e+01   2.465977304565498615e-02   7.364941948775805258e+01
9.679223821928563121e-01   8.814388852881621661e-01   8.920665435660121156e-01   3.794588514456456352e+01   3.146262658516160826e+01   2.322883975245524160e-02   7.829670169272885971e+01
9.698636943261070842e-01   8.484733035824092440e-01   8.580428335684854302e-01   3.916697166597037238e+01   3.240277591524287715e+01   2.166297948226598297e-02   8.350980276940684632e+01
9.718050064593578563e-01   8.148029850567581889e-01   8.233612685704505552e-01   4.045828274023217830e+01   3.333063464065518389e+01   2.013933686430316450e-02   8.940392299170683543e+01
9.737463185926086284e-01   7.803709392304654102e-01   7.879658916857880113e-01   4.164798203671789167e+01   3.452026347744970991e+01   1.873730493214463902e-02   9.612827566350767938e+01
9.756876307258594005e-01   7.451077720492095269e-01   7.517883554576474392e-01   4.347326113140011472e+01   3.567771445356957116e+01   1.713944969062900295e-02   1.038796737357801732e+02
9.776289428591101727e-01   7.089278639365375057e-01   7.147441075316043335e-01   4.491373546943793116e+01   3.717970724948617800e+01   1.578421069917320882e-02   1.129231681203161770e+02
9.795702549923609448e-01   6.717239554594698348e-01   6.767269859882417693e-01   4.735010880412019674e+01   3.876852521559830222e+01   1.418632337759315534e-02   1.236244957742823516e+02
9.809569065161115597e-01   6.444485093588809832e-01   6.489026055696539563e-01   4.882102285370600470e+01   4.013531939306304253e+01   1.320022547028550965e-02   1.325625985792986796e+02
9.823435580398621747e-01   6.165196169984028529e-01   6.204518788259011375e-01   5.072111979254354708e+01   4.146422391909747773e+01   1.215508686559078379e-02   1.428660654826928464e+02
9.837302095636127897e-01   5.878614465137843581e-01   5.912994262685420388e-01   5.303218430828285079e+01   4.332979325202811793e+01   1.108499403110516437e-02   1.548829625466413802e+02
9.851168610873634046e-01   5.583799878288573382e-01   5.613517089653066172e-01   5.485397273923487660e+01   4.499700702670428853e+01   1.017939011424545855e-02   1.690914366479307773e+02
9.865035126111140196e-01   5.279567171477310694e-01   5.304906843549872519e-01   5.847721859191211280e+01   4.753616059785730386e+01   9.028417046168333432e-03   1.861671586599429133e+02
9.874939779852215382e-01   5.055664731168008075e-01   5.078054658342960881e-01   6.056091103740287451e+01   4.911451561855676573e+01   8.348065847367440104e-03   2.006493599693909573e+02
9.884844433593290569e-01   4.825491591194577268e-01   4.845080829461109184e-01   6.294954044460283171e+01   5.149853761157862664e+01   7.665650228918081087e-03   2.175964144363007904e+02
9.894749087334365756e-01   4.588186997120828892e-01   4.605124948469473400e-01   6.673251053453212478e+01   5.379091839272642517e+01   6.875489862990507434e-03   2.377123091607480774e+02
9.904653741075440943e-01   4.342671402544056036e-01   4.357105550249950054e-01   6.959756280172140919e+01   5.671471356434131650e+01   6.239688902492208748e-03   2.620037196104195800e+02
7.507196836464030687e-01   1.760558737398696394e+00   1.759866950595861956e+00   8.153437421279218000e+00   6.695153041131566063e+00   2.159284049698975694e-01   1.572544441849477836e+00
7.507395626826475210e-01   1.767799307997051761e+00   1.769511654396843436e+00   8.195827774313857006e+00   6.733992275578599696e+00   2.156950288215456757e-01   1.582951699021196701e+00
7.507594417188919733e-01   1.772586135185747480e+00   1.775887708950327326e+00   8.223955134800043254e+00   6.759803263686408492e+00   2.155393732250517613e-01   1.589965590073400437e+00
7.508836856954200778e-01   1.790710595496761925e+00   1.800027369573212743e+00   8.330559880713853005e+00   6.858603394558955735e+00   2.149568121636638851e-01   1.617535537967230930e+00
7.516602105487203422e-01   1.841739707010788152e+00   1.867955676766683171e+00   8.647114880376907564e+00   7.149976522428683090e+00   2.129889254958656220e-01   1.704737755900977314e+00
7.524367354020206067e-01   1.872177490688272883e+00   1.908429848376877791e+00   8.846546176564840991e+00   7.334081962756000550e+00   2.116280696807767148e-01   1.764611679228823782e+00
7.543780475352713788e-01   1.924770920859600665e+00   1.978243283304059075e+00   9.221153015666688546e+00   7.674303888956889530e+00   2.087343001021049471e-01   1.885462769715663844e+00
7.563193596685221509e-01   1.963017444728166083e+00   2.028880141194419284e+00   9.517203497415716029e+00   7.942414768050332086e+00   2.062599003227366390e-01   1.990813674609602124e+00
7.582606718017729230e-01   1.993911117972970715e+00   2.069676717144282474e+00   9.772745701813816410e+00   8.175515262305328434e+00   2.040277296484755420e-01   2.089822342716139758e+00
7.602019839350236952e-01   2.020047459724423788e+00   2.104102512909465705e+00   1.000970539480456800e+01   8.386158450553937271e+00   2.018088824844843088e-01   2.185818187345955899e+00
7.621432960682744673e-01   2.042736413926036221e+00   2.133911193017369534e+00   1.022787646435399367e+01   8.581401144253851143e+00   1.997224371105129626e-01   2.280457271979303258e+00
7.640846082015252394e-01   2.062750540773208741e+00   2.160138727842990214e+00   1.043333050191439781e+01   8.766109402727705557e+00   1.977077732172595748e-01   2.374712874721276012e+00
7.660259203347760115e-01   2.080591619983010787e+00   2.183459219604951596e+00   1.062954819089698866e+01   8.941126357805512015e+00   1.957365997705154959e-01   2.469221019811503215e+00
7.679672324680267836e-01   2.096607852153852036e+00   2.204341395550620142e+00   1.081874121542480260e+01   9.108388687472293910e+00   1.937940662786735990e-01   2.564428866443584809e+00
7.699085446012775558e-01   2.111052837679721961e+00   2.223127394027127668e+00   1.100199497683091643e+01   9.271487014064899057e+00   1.918790948482874958e-01   2.660670740976511350e+00
7.718498567345283279e-01   2.124118230180215505e+00   2.240076403429394070e+00   1.117995824360402501e+01   9.429185588655780492e+00   1.899933956726008732e-01   2.758210289747802690e+00
7.737911688677791000e-01   2.135953155193988096e+00   2.255390624976712832e+00   1.135261902772786158e+01   9.582516006530202191e+00   1.881462902945209292e-01   2.857259580336560134e+00
7.757324810010298721e-01   2.146676419663549495e+00   2.269231604436654504e+00   1.151944197986022012e+01   9.732200038307990297e+00   1.863524659802659744e-01   2.958002377019304685e+00
7.776737931342806442e-01   2.156384540095473312e+00   2.281730975731091959e+00   1.168702848553955853e+01   9.878748632246432848e+00   1.845109338754143402e-01   3.060595471323716232e+00
7.796151052675314164e-01   2.165157219045227066e+00   2.292997793276695173e+00   1.185266462632919371e+01   1.002247844622042372e+01   1.826726130625179745e-01   3.165178189586396407e+00
7.815564174007821885e-01   2.173061198062896437e+00   2.303123692630611785e+00   1.201222839655625840e+01   1.016356661809714446e+01   1.809040859301246085e-01   3.271880643100745445e+00
7.834977295340329606e-01   2.180153039784840985e+00   2.312186619017859712e+00   1.216957625530867837e+01   1.030202279931933695e+01   1.791478186295765995e-01   3.380821262472755606e+00
7.854390416672837327e-01   2.186481182767124665e+00   2.320253582455161112e+00   1.233009907665192806e+01   1.044007639007946331e+01   1.773287602293001364e-01   3.492111487722050711e+00
7.873803538005345048e-01   2.192087489504842779e+00   2.327382733947042315e+00   1.248239549142895122e+01   1.057707207015645423e+01   1.756143274750461003e-01   3.605860810435101094e+00
7.893216659337852770e-01   2.197008431933340944e+00   2.333624957193957794e+00   1.263838048965910588e+01   1.071188177998859459e+01   1.738362311319051612e-01   3.722174171224729378e+00
7.912629780670360491e-01   2.201276014538848358e+00   2.339025107619291610e+00   1.279198613699061937e+01   1.084411948361313449e+01   1.720824265258866226e-01   3.841153934739247600e+00
7.932042902002868212e-01   2.204918501952647603e+00   2.343622990030588937e+00   1.294049705514474269e+01   1.097578488079412296e+01   1.703890115315191967e-01   3.962900349689645108e+00
7.951456023335375933e-01   2.207960999596139118e+00   2.347454139548740049e+00   1.309547447823539024e+01   1.110848367078439658e+01   1.686048873804273929e-01   4.087514569189929503e+00
7.970869144667883655e-01   2.210425923240222801e+00   2.350550452242079480e+00   1.323935230551218467e+01   1.123822629578087628e+01   1.669587659752747311e-01   4.215099087680934886e+00
7.990282266000391376e-01   2.212333380523318738e+00   2.352940699544200154e+00   1.339517419728084313e+01   1.136632060548428846e+01   1.651589854630193532e-01   4.345753506702610736e+00
8.009695387332899097e-01   2.213701485742831210e+00   2.354650951666819925e+00   1.353619203450460518e+01   1.149724716604141861e+01   1.635394563035133531e-01   4.479580054521353105e+00
8.029108508665406818e-01   2.214546620894566331e+00   2.355704929035450146e+00   1.369247561592829499e+01   1.162426733711645355e+01   1.617345674377838882e-01   4.616683152382864641e+00
8.048521629997914539e-01   2.214883653294236865e+00   2.356124296207361635e+00   1.383290324062431154e+01   1.175224962863654277e+01   1.601170495279394257e-01   4.757169211910690976e+00
8.067934751330422261e-01   2.214726119369288426e+00   2.355928909411006522e+00   1.398818648767350581e+01   1.188065729754996802e+01   1.583283237838530033e-01   4.901144854655007599e+00
7.507196836464030687e-01   1.760558737460655720e+00   1.759866950685053943e+00   8.153437422097544740e+00   6.695153041806380934e+00   2.159284049558249097e-01   1.572544257694703074e+00
7.507395626826475210e-01   1.767799308080725718e+00   1.769511654419946511e+00   8.195827774500285656e+00   6.733992275730271260e+00   2.156950288268486282e-01   1.582951361803767831e+00
7.507594417188919733e-01   1.772586135175856947e+00   1.775887708899743567e+00   8.223955134407917811e+00   6.759803263364243087e+00   2.155393732341262247e-01   1.589966071870359432e+00
7.508836856954200778e-01   1.790710595465270671e+00   1.800027369576099101e+00   8.330559880646218218e+00   6.858603394516237017e+00   2.149568121616288741e-01   1.617536308896649677e+00
7.516602105487203422e-01   1.841739707009196536e+00   1.867955676763012107e+00   8.647114880345709409e+00   7.149976522401956913e+00   2.129889254964500156e-01   1.704738510021104991e+00
7.524367354020206067e-01   1.872177490775811748e+00   1.908429848386369532e+00   8.846546176674948470e+00   7.334081962841321634e+00   2.116280696880379619e-01   1.764612872713130054e+00
7.543780475352713788e-01   1.924770920898140503e+00   1.978243283302381306e+00   9.221153015648148710e+00   7.674303888941169660e+00   2.087343001067041293e-01   1.885462567752064000e+00
7.563193596685221509e-01   1.963017444759316277e+00   2.028880141196739650e+00   9.517203497435062332e+00   7.942414768066405450e+00   2.062599003255903840e-01   1.990813657282459515e+00
7.582606718017729230e-01   1.993911118023220297e+00   2.069676717143812184e+00   9.772745701797971307e+00   8.175515262292712748e+00   2.040277296539481644e-01   2.089823968487679373e+00
7.602019839350236952e-01   2.020047459736133533e+00   2.104102512910276168e+00   1.000970539482417898e+01   8.386158450569507039e+00   2.018088824852587726e-01   2.185818349447305575e+00
7.621432960682744673e-01   2.042736413947977780e+00   2.133911193019526475e+00   1.022787646438143305e+01   8.581401144275888626e+00   1.997224371121224251e-01   2.280457605254501807e+00
7.640846082015252394e-01   2.062750540741490113e+00   2.160138727844891360e+00   1.043333050192572919e+01   8.766109402738754497e+00   1.977077732140047339e-01   2.374712719062968436e+00
7.660259203347760115e-01   2.080591619984147655e+00   2.183459219605448975e+00   1.062954819090780845e+01   8.941126357814173531e+00   1.957365997704232086e-01   2.469221258273586184e+00
7.679672324680267836e-01   2.096607852181136877e+00   2.204341395552130933e+00   1.081874121544266210e+01   9.108388687487321889e+00   1.937940662808756986e-01   2.564428223691237907e+00
7.699085446012775558e-01   2.111052837650731817e+00   2.223127394026032988e+00   1.100199497679293081e+01   9.271487014033704455e+00   1.918790948463149904e-01   2.660670794494102154e+00
7.718498567345283279e-01   2.124118230105636940e+00   2.240076403427730511e+00   1.117995824358320966e+01   9.429185588637972515e+00   1.899933956662838708e-01   2.758209686254599280e+00
7.737911688677791000e-01   2.135953155224228794e+00   2.255390624976381098e+00   1.135261902773979870e+01   9.582516006539206543e+00   1.881462902969868456e-01   2.857260543858966884e+00
7.757324810010298721e-01   2.146676419722325591e+00   2.269231604437635497e+00   1.151944197987202578e+01   9.732200038316948465e+00   1.863524659851773513e-01   2.958002696795167807e+00
7.776737931342806442e-01   2.156384540089106849e+00   2.281730975730874800e+00   1.168702848554721996e+01   9.878748632253000039e+00   1.845109338747486505e-01   3.060595248922493017e+00
7.796151052675314164e-01   2.165157219068078120e+00   2.292997793274927254e+00   1.185266462631546247e+01   1.002247844620859674e+01   1.826726130646575408e-01   3.165178618683321954e+00
7.815564174007821885e-01   2.173061198040159070e+00   2.303123692630863584e+00   1.201222839650665541e+01   1.016356661805927608e+01   1.809040859289787750e-01   3.271880652085611629e+00
7.834977295340329606e-01   2.180153039778247148e+00   2.312186619018181677e+00   1.216957625530596765e+01   1.030202279931684473e+01   1.791478186290746677e-01   3.380820724716883774e+00
7.854390416672837327e-01   2.186481182746433660e+00   2.320253582455877872e+00   1.233009907666868976e+01   1.044007639009289257e+01   1.773287602273809771e-01   3.492111183201497493e+00
7.873803538005345048e-01   2.192087489490972985e+00   2.327382733945048798e+00   1.248239549141411686e+01   1.057707207014431106e+01   1.756143274741436555e-01   3.605860706100459723e+00
7.893216659337852770e-01   2.197008431938684225e+00   2.333624957193664695e+00   1.263838048965010330e+01   1.071188177998113744e+01   1.738362311324517517e-01   3.722174929128207577e+00
7.912629780670360491e-01   2.201276014497693723e+00   2.339025107619232102e+00   1.279198613699695741e+01   1.084411948361747768e+01   1.720824265225841254e-01   3.841152666754176437e+00
7.932042902002868212e-01   2.204918501922634277e+00   2.343622990031617448e+00   1.294049705513975468e+01   1.097578488079032688e+01   1.703890115292655272e-01   3.962900106990389304e+00
7.951456023335375933e-01   2.207960999594092755e+00   2.347454139549351559e+00   1.309547447825484312e+01   1.110848367080023813e+01   1.686048873800206627e-01   4.087515167579921282e+00
7.970869144667883655e-01   2.210425923196567055e+00   2.350550452243033384e+00   1.323935230553676234e+01   1.123822629580337917e+01   1.669587659716673667e-01   4.215098532197257164e+00
7.990282266000391376e-01   2.212333380485802081e+00   2.352940699543839553e+00   1.339517419726750802e+01   1.136632060547406198e+01   1.651589854603830176e-01   4.345752997092770187e+00
8.009695387332899097e-01   2.213701485801038871e+00   2.354650951667902170e+00   1.353619203450645436e+01   1.149724716604388419e+01   1.635394563077911534e-01   4.479580193784378217e+00
8.513055352226636119e-01   9.449268581851129056e-01   7.120030993993115009e-01   6.264354153690219640e+00   4.275529335818162302e+00   1.508418641414890904e-01   1.361199914182494863e+00
8.293193111825178931e-01   1.011373104979043092e+00   7.911364080963659839e-01   5.863805407433567041e+00   4.120413817144699564e+00   1.724772625805286452e-01   1.255786712311453446e+00
8.128102403037552603e-01   1.076320736804746048e+00   8.702697453946212081e-01   5.773868177501080723e+00   4.166418924209791541e+00   1.864124194935423140e-01   1.219325538190112912e+00
8.037014757238672980e-01   1.118955230122651301e+00   9.230253147227511779e-01   5.789311511356059370e+00   4.241671740135916302e+00   1.932794992854949823e-01   1.209599797345257910e+00
7.957563984786628630e-01   1.161140871197630986e+00   9.757808912560532733e-01   5.840324232173581542e+00   4.337175229722385339e+00   1.988144536224646375e-01   1.206617774913523844e+00
7.887849413051195580e-01   1.202933747137763021e+00   1.028536473879536617e+00   5.916450986652274757e+00   4.446992987266298769e+00   2.033201576167240621e-01   1.208494259959410844e+00
7.826489832546669190e-01   1.244381401506188922e+00   1.081292061908455171e+00   6.011964029863453796e+00   4.567275226039209990e+00   2.069841727802971820e-01   1.214193518554512075e+00
7.965871620881391779e-01   2.209845428572407400e+00   2.349821955966487241e+00   1.320392720627509320e+01   1.120342366874305995e+01   1.673627394372630695e-01   4.181966044295471363e+00
7.983511159448961614e-01   2.211730217140711829e+00   2.352185508663168889e+00   1.334196883332476169e+01   1.132286581648553536e+01   1.657724017175325748e-01   4.299827134039211352e+00
8.001150698016531448e-01   2.213164680297609266e+00   2.353980395300174777e+00   1.347612378082174800e+01   1.144004919697779243e+01   1.642285805839232837e-01   4.420278562819405010e+00
8.018790236584101283e-01   2.214161595453674636e+00   2.355225072604292702e+00   1.361097142048995146e+01   1.155587418772701724e+01   1.626747663374324970e-01   4.543397858350352259e+00
8.036429775151671118e-01   2.214732646074367040e+00   2.355936513010000954e+00   1.374731960430044531e+01   1.167377416185753169e+01   1.611028702192646433e-01   4.669262562680417616e+00
8.054069313719240952e-01   2.214888545287294619e+00   2.356130370977879362e+00   1.387696688732326145e+01   1.178696583424812694e+01   1.596089810742876425e-01   4.797952170510265013e+00
8.071708852286810787e-01   2.214639141197721983e+00   2.355821125685510165e+00   1.401690951092002813e+01   1.190556460670842931e+01   1.579976769823892291e-01   4.929549498272341346e+00
8.089348390854380622e-01   2.213993508656585618e+00   2.355022204104729955e+00   1.414316451120665441e+01   1.201749394239995539e+01   1.565415934250271868e-01   5.064138321286820066e+00
8.106987929421950456e-01   2.212960027613576131e+00   2.353746087670711695e+00   1.428428417605411305e+01   1.213619888317133899e+01   1.549227108855295576e-01   5.201802920587890178e+00
8.124627467989520291e-01   2.211546452155630504e+00   2.352004405149168864e+00   1.441600886727434094e+01   1.224782821158426493e+01   1.534090657488456078e-01   5.342630328017015984e+00
8.142267006557090125e-01   2.209759970292566322e+00   2.349808013824840280e+00   1.454802872807538527e+01   1.236622307178044622e+01   1.518941164879665517e-01   5.486709606947921536e+00
8.159906545124659960e-01   2.207607257079871488e+00   2.347167070765057595e+00   1.468680053156620957e+01   1.247711005218533131e+01   1.503123333318976407e-01   5.634133902118487747e+00
8.177546083692229795e-01   2.205094520424950133e+00   2.344091095617283571e+00   1.481245132673625342e+01   1.259604165926082686e+01   1.488676297922942315e-01   5.784998437694220286e+00
8.195185622259799629e-01   2.202227542126479420e+00   2.340589026118129912e+00   1.495384631372321671e+01   1.270701268637280990e+01   1.472683011397197816e-01   5.939399454725101002e+00
8.212825160827369464e-01   2.199011714484299773e+00   2.336669267342581957e+00   1.508841623016370193e+01   1.282584230130150260e+01   1.457417187423680760e-01   6.097436823269668515e+00
8.230464699394939299e-01   2.195452072353987205e+00   2.332339735525230218e+00   1.521420037035854023e+01   1.293820657757775194e+01   1.443028236062496861e-01   6.259215238025414685e+00
8.248104237962509133e-01   2.191553321867445447e+00   2.327607897169861495e+00   1.535978868098387196e+01   1.305568091977804457e+01   1.426812156980186708e-01   6.424841889412358675e+00
8.265743776530078968e-01   2.187319866183770500e+00   2.322480804043755231e+00   1.549177963157219651e+01   1.317022828886367591e+01   1.411922915380244559e-01   6.594425791227564559e+00
8.283383315097648802e-01   2.182755828858148561e+00   2.316965124584780433e+00   1.562265890102970722e+01   1.328532677056860578e+01   1.397173069376993482e-01   6.768083057351216958e+00
8.301022853665218637e-01   2.177865073915199901e+00   2.311067172141672454e+00   1.576803632404259403e+01   1.340297960772819685e+01   1.381189787465457175e-01   6.945929978112326708e+00
8.318662392232788472e-01   2.172651225155618704e+00   2.304792930444568899e+00   1.589999350089989072e+01   1.351439379773614391e+01   1.366447869952055749e-01   7.128090603090677213e+00
8.336301930800358306e-01   2.167117682653156407e+00   2.298148076595940115e+00   1.603398133614197008e+01   1.363613630098993745e+01   1.351578024958958457e-01   7.314690483536795185e+00
8.353941469367928141e-01   2.161267637923629081e+00   2.291138001907013777e+00   1.618062011989571047e+01   1.375011933837562772e+01   1.335713725375785588e-01   7.505861596193271978e+00
8.371581007935497976e-01   2.155104087920562961e+00   2.283767830782215125e+00   1.631390496226552145e+01   1.386905353187811230e+01   1.321022828627096690e-01   7.701740868050681144e+00
8.389220546503067810e-01   2.148629847358961342e+00   2.276042437887351166e+00   1.644772878487107803e+01   1.398787371247245304e+01   1.306338325164572434e-01   7.902467835262783957e+00
8.406860085070637645e-01   2.141847560156975305e+00   2.267966463748351202e+00   1.659875157798078504e+01   1.410082583514465071e+01   1.290366658055333016e-01   8.108191926434336949e+00
8.424499623638207479e-01   2.134759709831655528e+00   2.259544329009657737e+00   1.673602737930657014e+01   1.422568512607852398e+01   1.275547453077903459e-01   8.319064652926375203e+00
8.442139162205777314e-01   2.127368628633007575e+00   2.250780247399455369e+00   1.686626252217328670e+01   1.434273783327014229e+01   1.261315970764866068e-01   8.535246100148896176e+00
8.459778700773347149e-01   2.119676506225118828e+00   2.241678237618486502e+00   1.702325422895427920e+01   1.446231422566830105e+01   1.245165276695352763e-01   8.756898917308404862e+00
8.477418239340916983e-01   2.111685397878773074e+00   2.232242134173311854e+00   1.716601470070573754e+01   1.458625339603694826e+01   1.230154718317907764e-01   8.984198425085027750e+00
8.495057777908486818e-01   2.103397231074154661e+00   2.222475597328231967e+00   1.729623703507726162e+01   1.470266401405984702e+01   1.216101066843848777e-01   9.217323033865996607e+00
8.512697316476056653e-01   2.094813812170855272e+00   2.212382122200166723e+00   1.745357555882691258e+01   1.482851899913818627e+01   1.200220439135997602e-01   9.456457888525234168e+00
8.530336855043626487e-01   2.085936832503534788e+00   2.201965047095708616e+00   1.760523547857994231e+01   1.495266164438211476e+01   1.184838927625516125e-01   9.701799911503782070e+00
8.547976393611196322e-01   2.076767873708490697e+00   2.191227561169784899e+00   1.774342563659185856e+01   1.506941047314753135e+01   1.170443586398344643e-01   9.953552243431449398e+00
8.565615932178766156e-01   2.067308412649595084e+00   2.180172711418618903e+00   1.788989746650636903e+01   1.520106144587103891e+01   1.155573091751939258e-01   1.021192674565659253e+01
8.583255470746335991e-01   2.057559825921885022e+00   2.168803409115210190e+00   1.805249756445654796e+01   1.532657106848218653e+01   1.139764632885480605e-01   1.047714705707167759e+01
8.600895009313905826e-01   2.047523393865617436e+00   2.157122435699823981e+00   1.820057835667169854e+01   1.544537192797366565e+01   1.124977104430896629e-01   1.074944266475282184e+01
8.618534547881475660e-01   2.037200304653310923e+00   2.145132448152480720e+00   1.833584876320124835e+01   1.558166203008624784e+01   1.111047724576474383e-01   1.102906016992040072e+01
8.636174086449045495e-01   2.026591657148514969e+00   2.132835983929763923e+00   1.850628474405273138e+01   1.570965707164957692e+01   1.095082932731698128e-01   1.131625202907535055e+01
8.653813625016615330e-01   2.015698464267870804e+00   2.120235465447160017e+00   1.866866079629182451e+01   1.583149857701997121e+01   1.079723117936906840e-01   1.161128454570970803e+01
8.671453163584185164e-01   2.004521655716530404e+00   2.107333204177817443e+00   1.881666799398725232e+01   1.597171458285520984e+01   1.065290441621791206e-01   1.191443845399965795e+01
8.689092702151754999e-01   1.993062080254503599e+00   2.094131404350877634e+00   1.896500295026593363e+01   1.610347630667710206e+01   1.050915776539099455e-01   1.222600746728837606e+01
8.706732240719324833e-01   1.981320507954819510e+00   2.080632166304976050e+00   1.914468418541855499e+01   1.622769114500481180e+01   1.034919400479785284e-01   1.254629735998905105e+01
8.724371779286894668e-01   1.969297632159054956e+00   2.066837489508245085e+00   1.930823372746757371e+01   1.637283334981177774e+01   1.019926348497410540e-01   1.287563469492989476e+01
8.742011317854464503e-01   1.956994070871019176e+00   2.052749275234664328e+00   1.945755156821258325e+01   1.650966533897309318e+01   1.005776119369572452e-01   1.321435837758628118e+01
8.759650856422034337e-01   1.944410368516855669e+00   2.038369328947180481e+00   1.962434732818161010e+01   1.663865119647149982e+01   9.908153050902124281e-02   1.356282673515925730e+01
8.777290394989604172e-01   1.931546996735164612e+00   2.023699362373167165e+00   1.980984118090482582e+01   1.678628433775367057e+01   9.750441606755680390e-02   1.392141885990589856e+01
8.794929933557174007e-01   1.918404355532288719e+00   2.008740995289453934e+00   1.997863599955566372e+01   1.692976828533810263e+01   9.602278932230183528e-02   1.429053094270432211e+01
8.812569472124743841e-01   1.904982773840288024e+00   1.993495757030031124e+00   2.013271404845797719e+01   1.706502672640556639e+01   9.462126016666870532e-02   1.467058399794764156e+01
8.830209010692313676e-01   1.891282509856410110e+00   1.977965087698660751e+00   2.031676005874372493e+01   1.721369472180653659e+01   9.308976945083617671e-02   1.506202163959087592e+01
8.847848549259883510e-01   1.877303751484078020e+00   1.962150339118538644e+00   2.050941856847529365e+01   1.736555695511645681e+01   9.153373827816126129e-02   1.546531029622640041e+01
8.865488087827453345e-01   1.863046616205679129e+00   1.946052775503098520e+00   2.068485570668873663e+01   1.750860801311912951e+01   9.006814660076344070e-02   1.588094831109318861e+01
8.883127626395023180e-01   1.848511150679201132e+00   1.929673573838577516e+00   2.084512652267587995e+01   1.765625241093377440e+01   8.867833681260421652e-02   1.630946025062985427e+01
8.900767164962593014e-01   1.833697330502104705e+00   1.913013823984633044e+00   2.104482175482102235e+01   1.781861740108718095e+01   8.713294661581226508e-02   1.675140404287624918e+01
8.913366835368000674e-01   1.822945558399396759e+00   1.900942797281823804e+00   2.119361998101211597e+01   1.792870612500169614e+01   8.601388342494667438e-02   1.707562501509258013e+01
8.925966505773408333e-01   1.812051663016518432e+00   1.888729485055135715e+00   2.133255753671905808e+01   1.803433659311345849e+01   8.494301069609169752e-02   1.740722799056360159e+01
8.938566176178815992e-01   1.801015566878731988e+00   1.876374202287826920e+00   2.146250313254266828e+01   1.814142294508099340e+01   8.391451620328151118e-02   1.774644492408035035e+01
8.951165846584223651e-01   1.789837173412138327e+00   1.863877240801821378e+00   2.158425117455046305e+01   1.826667141105787096e+01   8.292329249404295499e-02   1.809352701201978775e+01
8.963765516989631310e-01   1.778516365978362046e+00   1.851238869016474720e+00   2.172044081314973596e+01   1.838646782826963388e+01   8.188214876843721846e-02   1.844873250511559348e+01
8.972765281564921702e-01   1.770342807843348965e+00   1.842125019394595276e+00   2.184029959905986473e+01   1.846894577023101292e+01   8.105854042036837737e-02   1.870757314813032934e+01
8.981765046140212094e-01   1.762096463812554470e+00   1.832939228765086970e+00   2.195429851667083909e+01   1.854902170714477094e+01   8.026202533752190005e-02   1.897079845988856661e+01
8.990764810715502486e-01   1.753777272219963601e+00   1.823681572540129858e+00   2.206281473830804885e+01   1.862684111402191078e+01   7.949018713259871360e-02   1.923851534521604378e+01
8.999764575290792878e-01   1.745385165865741328e+00   1.814352119752171921e+00   2.216620186232414014e+01   1.871185369534211418e+01   7.874083150133040498e-02   1.951083296311630022e+01
7.507171366574603155e-01   1.759085759083177658e+00   1.757904863097448755e+00   8.145303227629117515e+00   6.687427640559850950e+00   2.159632011140242003e-01   1.570456656690319308e+00
7.507243618124576079e-01   1.762730774489455143e+00   1.762760208817535812e+00   8.165639509461987799e+00   6.706506821349536906e+00   2.158717357589542696e-01   1.575641128793877854e+00
7.524883156692145914e-01   1.873910291045490339e+00   1.910732682989000342e+00   8.858824289399093388e+00   7.345005026354036737e+00   2.115303599923416544e-01   1.768222703171346000e+00
7.542522695259715748e-01   1.921924406380753458e+00   1.974469649565449236e+00   9.199989978241696065e+00   7.655159275625234905e+00   2.089050543452952990e-01   1.878268968178038900e+00
7.560162233827285583e-01   1.957626403522112923e+00   2.021750724128450916e+00   9.472980793780639175e+00   7.903155156915541824e+00   2.066536865362766096e-01   1.974905671459361356e+00
7.577801772394855417e-01   1.986776880747925134e+00   2.060265047888469869e+00   9.713844887356209767e+00   8.119822951372215769e+00   2.045304309248302810e-01   2.065686541632917983e+00
7.595441310962425252e-01   2.011627153888639441e+00   2.093021297263512714e+00   9.930483157418064977e+00   8.316912300201169117e+00   2.025709244958494581e-01   2.153504335047407015e+00
7.613080849529995087e-01   2.033339811268092490e+00   2.121575217699568139e+00   1.013381650928132949e+01   8.499057765189906632e+00   2.006489666954008322e-01   2.239834076539651608e+00
7.630720388097564921e-01   2.052609677907639707e+00   2.146857956451843297e+00   1.032629837303327847e+01   8.671312652245031671e+00   1.987749727693274016e-01   2.325552968252007080e+00
7.648359926665134756e-01   2.069891993426722365e+00   2.169480563011640495e+00   1.050925191245446300e+01   8.834101640814861156e+00   1.969590234080984825e-01   2.411234525840041165e+00
7.665999465232704591e-01   2.085504615679269591e+00   2.189870430573299664e+00   1.068414795800891959e+01   8.991178274245999802e+00   1.951961563875535266e-01   2.497283294115284047e+00
7.683639003800274425e-01   2.099680111418479100e+00   2.208340864858965524e+00   1.085474682664878898e+01   9.142958032762138032e+00   1.934342776437392164e-01   2.584000046635057224e+00
7.701278542367844260e-01   2.112594865271489653e+00   2.225129975551202399e+00   1.102170234251231129e+01   9.289812052656719388e+00   1.916759135404068615e-01   2.671620276090983737e+00
7.718918080935414094e-01   2.124386513500098772e+00   2.240423977989129956e+00   1.118374246209430289e+01   9.432576787721130174e+00   1.899530967116243307e-01   2.760333314804321869e+00
7.736557619502983929e-01   2.135164966712864043e+00   2.254371932298866898e+00   1.134022851780210139e+01   9.571843519989396754e+00   1.882823580989609058e-01   2.850298776313285654e+00
7.754197158070553764e-01   2.145019691188394972e+00   2.267095482696104725e+00   1.149175334623081923e+01   9.707989233563596443e+00   1.866573034211476689e-01   2.941651546334925094e+00
7.771836696638123598e-01   2.154024693023870896e+00   2.278695528775215084e+00   1.164700206003435490e+01   9.841240453807378330e+00   1.849424153890393552e-01   3.034511416739412049e+00
7.789476235205693433e-01   2.162242037117835025e+00   2.289256935321204445e+00   1.179598902910195690e+01   9.971654179365236459e+00   1.833031576905806148e-01   3.128986514234624483e+00
7.807115773773263268e-01   2.169724393926458106e+00   2.298851943848800428e+00   1.194006298171049885e+01   1.010207671880704794e+01   1.817180024301370822e-01   3.225176450991074972e+00
7.824755312340833102e-01   2.176516924676889175e+00   2.307542699110436413e+00   1.208938115884174458e+01   1.023040518407905353e+01   1.800354291158288156e-01   3.323172067624620141e+00
7.842394850908402937e-01   2.182658704632217450e+00   2.315383156617863314e+00   1.223006300169465099e+01   1.035637741910690046e+01   1.784666770996828633e-01   3.423059681855924907e+00
7.860034389475972771e-01   2.188183815478964789e+00   2.322420547451122363e+00   1.237441681299473650e+01   1.047965762785900523e+01   1.768312679738643645e-01   3.524923311500104184e+00
7.877673928043542606e-01   2.193122195906653360e+00   2.328696520154529104e+00   1.251512386055865633e+01   1.060329960405199046e+01   1.752377539640870840e-01   3.628842169785643890e+00
7.895313466611112441e-01   2.197500314087960760e+00   2.334248042907807186e+00   1.265407288847720579e+01   1.072637316842243749e+01   1.736595271305101940e-01   3.734895011104687246e+00
7.912953005178682275e-01   2.201341704701349045e+00   2.339108124953123369e+00   1.279461257633576921e+01   1.084641071556291614e+01   1.720522361710922765e-01   3.843158088392711225e+00
7.930592543746252110e-01   2.204667402933296216e+00   2.343306399790686445e+00   1.293001694234154719e+01   1.096634617002766454e+01   1.705076963753803521e-01   3.953706130205683511e+00
7.948232082313821945e-01   2.207496298734895390e+00   2.346869601300298314e+00   1.306985838854085991e+01   1.108684481813300060e+01   1.688997870604582729e-01   4.066617741996110702e+00
7.965871620881391779e-01   2.209845428523180999e+00   2.349821955966368225e+00   1.320392720625028282e+01   1.120342366872107043e+01   1.673627394338493835e-01   4.181966017140000602e+00
7.983511159448961614e-01   2.211730217132185317e+00   2.352185508663988234e+00   1.334196883330708516e+01   1.132286581647393930e+01   1.657724017171131325e-01   4.299827319976153639e+00
8.001150698016531448e-01   2.213164680291697550e+00   2.353980395301664696e+00   1.347612378081305273e+01   1.144004919697028200e+01   1.642285805835905499e-01   4.420278842540432684e+00
8.018790236584101283e-01   2.214161595438440600e+00   2.355225072603824632e+00   1.361097142047736597e+01   1.155587418771730057e+01   1.626747663364636887e-01   4.543397153141991218e+00
8.036429775151671118e-01   2.214732646056745580e+00   2.355936513010633337e+00   1.374731960428725941e+01   1.167377416184730521e+01   1.611028702181373506e-01   4.669261906697120601e+00
8.054069313719240952e-01   2.214888545228177463e+00   2.356130370978587685e+00   1.387696688730498806e+01   1.178696583423654864e+01   1.596089810702377154e-01   4.797951476864356302e+00
8.071708852286810787e-01   2.214639141206021122e+00   2.355821125685027440e+00   1.401690951093994641e+01   1.190556460672388006e+01   1.579976769827567962e-01   4.929549921871631213e+00
8.089348390854380622e-01   2.213993508687394751e+00   2.355022204105207351e+00   1.414316451123474216e+01   1.201749394242595237e+01   1.565415934268946929e-01   5.064138909844555059e+00
8.106987929421950456e-01   2.212960027576741595e+00   2.353746087670468334e+00   1.428428417602398426e+01   1.213619888314845596e+01   1.549227108832776367e-01   5.201802261182234766e+00
8.124627467989520291e-01   2.211546452109246275e+00   2.352004405149357158e+00   1.441600886727132469e+01   1.224782821158092538e+01   1.534090657456601559e-01   5.342630084322586015e+00
8.142267006557090125e-01   2.209759970351456104e+00   2.349808013825693376e+00   1.454802872809901260e+01   1.236622307179849756e+01   1.518941164917678166e-01   5.486709445214002834e+00
8.159906545124659960e-01   2.207607257075210327e+00   2.347167070765724173e+00   1.468680053154022502e+01   1.247711005216258506e+01   1.503123333318462096e-01   5.634133954196213878e+00
8.177546083692229795e-01   2.205094520431316596e+00   2.344091095616544607e+00   1.481245132673554288e+01   1.259604165926001507e+01   1.488676297927311876e-01   5.784999314983346075e+00
7.510085709406039145e-01   1.701588827080399824e+00   1.681324099420017149e+00   7.829316196664932725e+00   6.391626148924356876e+00   2.173355609018867429e-01   1.496089137054148921e+00
7.509413243951377215e-01   1.707731540359873179e+00   1.689503740781250540e+00   7.862132399513303227e+00   6.422686436080693895e+00   2.172097153267971426e-01   1.503414659562573918e+00
7.508826830155661547e-01   1.713873738657753165e+00   1.697683382103005734e+00   7.894469144625185564e+00   6.453426816467543681e+00   2.170980349989226066e-01   1.510879341434246514e+00
7.508326551319531861e-01   1.720015492668039769e+00   1.705863023504061271e+00   7.927667639288332069e+00   6.484501492412197088e+00   2.169636229631904667e-01   1.518486176605742255e+00
7.507912523651876224e-01   1.726156872687056421e+00   1.714042664906106905e+00   7.961821878234605521e+00   6.515937689679907052e+00   2.168042564988657550e-01   1.526239842161202009e+00
7.507584893551674243e-01   1.732297949360031453e+00   1.722222306308362816e+00   7.995452944279993979e+00   6.547028506363904654e+00   2.166603895279416714e-01   1.534142578888566755e+00
7.507414560023822903e-01   1.736391866920826033e+00   1.727675400738099887e+00   8.017588263170598140e+00   6.568490216047432106e+00   2.165728408500439128e-01   1.539495775779621711e+00
7.507282766446625732e-01   1.740485702001819845e+00   1.733128494923673824e+00   8.039854108814626699e+00   6.589815645351547957e+00   2.164822493599243003e-01   1.544918101140184463e+00
7.507189581791163802e-01   1.744579475778891720e+00   1.738581589201463329e+00   8.063506036688043110e+00   6.610981570285121123e+00   2.163549537684044677e-01   1.550410997114519462e+00
7.507135080437181696e-01   1.748673209392450190e+00   1.744034683659752449e+00   8.086904628140754170e+00   6.632208096090613125e+00   2.162351715274876962e-01   1.555973807020532895e+00
7.507119345458622695e-01   1.752766923767580920e+00   1.749487777963356638e+00   8.110053530984918879e+00   6.654046565237869970e+00   2.161227317515273527e-01   1.561610851133997002e+00
7.507130905706618229e-01   1.755560357248100667e+00   1.753208813559418155e+00   8.125708219382138608e+00   6.668852152956663559e+00   2.160501349360031131e-01   1.565499428784513203e+00
7.507142465954613764e-01   1.756860640138370400e+00   1.754940872301923305e+00   8.132956410629740063e+00   6.675717551387603699e+00   2.160174666425312417e-01   1.567321769641124352e+00
7.507171366574603155e-01   1.759085759158097062e+00   1.757904863178844979e+00   8.145303228226536518e+00   6.687427641067866801e+00   2.159632011073822078e-01   1.570457281645663450e+00
7.507243618124576079e-01   1.762730774518217691e+00   1.762760208830030484e+00   8.165639509532544693e+00   6.706506821407547392e+00   2.158717357606113885e-01   1.575641316114035018e+00
7.524883156692145914e-01   1.873910291106653858e+00   1.910732682986225006e+00   8.858824289358373960e+00   7.345005026322959374e+00   2.115303600002181872e-01   1.768223445419284001e+00
7.542522695259715748e-01   1.921924406355515202e+00   1.974469649560963491e+00   9.199989978208922281e+00   7.655159275597664958e+00   2.089050543432961760e-01   1.878268871192070533e+00
7.560162233827285583e-01   1.957626403475046573e+00   2.021750724124304899e+00   9.472980793748599027e+00   7.903155156889903665e+00   2.066536865320071081e-01   1.974906080749173842e+00
7.577801772394855417e-01   1.986776880690399594e+00   2.060265047887491541e+00   9.713844887337685918e+00   8.119822951357695828e+00   2.045304309192983172e-01   2.065685885932027066e+00
7.595441310962425252e-01   2.011627153800873202e+00   2.093021297262778191e+00   9.930483157406769124e+00   8.316912300191315666e+00   2.025709244872418158e-01   2.153503794344858502e+00
7.613080849529995087e-01   2.033339811322548485e+00   2.121575217700066851e+00   1.013381651001281369e+01   8.499057765748748494e+00   2.006489666862911747e-01   2.239833790652526524e+00
8.893375499018322250e-01   9.068593184325663970e-01   6.675653580007421262e-01   8.737300484571768777e+00   6.076892075112356295e+00   1.037917054625612234e-01   2.195767772667362561e+00
8.301708662601113842e-01   1.008395068013328455e+00   7.875473181053728178e-01   5.872738772891695547e+00   4.121316230106248923e+00   1.717078022724313757e-01   1.258445499886140739e+00
8.133187431665472866e-01   1.074097521947464884e+00   8.675353883537362254e-01   5.774272240987118110e+00   4.163258529321128165e+00   1.860143542113017467e-01   1.220069896161086520e+00
7.998803571839590010e-01   1.138597206619010649e+00   9.475234783905773783e-01   5.809270793796611265e+00   4.283920379181057392e+00   1.959965797832756706e-01   1.207518472070892024e+00
7.889120331922816476e-01   1.202125261960873104e+00   1.027511583910226012e+00   5.914787494405014279e+00   4.444763674788027252e+00   2.032406511811289396e-01   1.208418367952118766e+00
7.798779329824826467e-01   1.264856147217187754e+00   1.107499701643367196e+00   6.064648269573849504e+00   4.630324941089156709e+00   2.085621607378174702e-01   1.218256637459032232e+00
7.724282344030126701e-01   1.326929695140051990e+00   1.187487829784867444e+00   6.246332745600248870e+00   4.833780190962892576e+00   2.124333987930287770e-01   1.235178064902956008e+00
7.682182763305258622e-01   1.368005103402879286e+00   1.240813253407274219e+00   6.380772856340383825e+00   4.977571161897587082e+00   2.143948913717455829e-01   1.250028037285283666e+00
7.645478487006640567e-01   1.408870617082243371e+00   1.294138680346092585e+00   6.525593276094637574e+00   5.127088361204292788e+00   2.158992381954592532e-01   1.267672873167002168e+00
7.613725486553424293e-01   1.449553782102157351e+00   1.347464110285079952e+00   6.678084343967854331e+00   5.282550392316795573e+00   2.170613169046753388e-01   1.288170898344078719e+00
7.586563234805503431e-01   1.490080006608536678e+00   1.400789542960508616e+00   6.840262739943409720e+00   5.443373648015866095e+00   2.178395864689934847e-01   1.311655113237317094e+00
7.563700987922922225e-01   1.530472967012087793e+00   1.454114977914422679e+00   7.009478463970221895e+00   5.609968989856588095e+00   2.183433439276473986e-01   1.338332702073220526e+00
7.550732262764640046e-01   1.557338627005605991e+00   1.489665269155081129e+00   7.127391425146483606e+00   5.724443062645017122e+00   2.185005051793685593e-01   1.358029676892174242e+00
7.539516224120506038e-01   1.584161312976789304e+00   1.525215561280909959e+00   7.248990054340153755e+00   5.841524289105889167e+00   2.185354512975654917e-01   1.379373170902668644e+00
7.530008026722561087e-01   1.610947172912688297e+00   1.560765854109381623e+00   7.374334077536111032e+00   5.961301167491178887e+00   2.184532401128934098e-01   1.402485110539507973e+00
7.522172494439225421e-01   1.637702213223633407e+00   1.596316147739872404e+00   7.503495536822858192e+00   6.084361657361217368e+00   2.182585709802490337e-01   1.427504424246568648e+00
7.515983983492995346e-01   1.664432331746980021e+00   1.631866442093353298e+00   7.636579499925973735e+00   6.210710293912113045e+00   2.179552156516035011e-01   1.454594374400205226e+00
7.512765000758993006e-01   1.682241443250404700e+00   1.655566638542198987e+00   7.728037302515949669e+00   6.296647865923941545e+00   2.176802954487205011e-01   1.473897966140384819e+00
7.510268377592566047e-01   1.700043781980411728e+00   1.679266835285962767e+00   7.820986071131315498e+00   6.384090095845284196e+00   2.173694936314467252e-01   1.494268411800292462e+00
7.508493818384487373e-01   1.717841059149122884e+00   1.702967032225273458e+00   7.915448001249647092e+00   6.473286858158556534e+00   2.170238575097606093e-01   1.515776786067494220e+00
7.507443149286453510e-01   1.735634987886328418e+00   1.726667229398817005e+00   8.013512891275878403e+00   6.564529831363100421e+00   2.165885313263641310e-01   1.538501430377620105e+00
7.507120444237190826e-01   1.753427288022521680e+00   1.750367426712565955e+00   8.113764577994958316e+00   6.657553587788537897e+00   2.161052703917398787e-01   1.562527176221770953e+00
7.507130721760069125e-01   1.755535334387445801e+00   1.753175481564122062e+00   8.125568510085090068e+00   6.668719883071615229e+00   2.160507701348594045e-01   1.565464763271651183e+00
7.507532187497493181e-01   1.771219692146701163e+00   1.774067624096902662e+00   8.215963481597549745e+00   6.752459218968797749e+00   2.155827123762114328e-01   1.587951860467455623e+00
