# freq   mass   ang   radius99   radius95   compactness   kappa
8.922112089960761994e-01   1.322880991182842081e+00   1.370930871916961946e+00   1.660593844343800285e+01   1.380540358340371654e+01   7.966312748230085228e-02   1.345761771344483471e+01
8.941525211293269715e-01   1.313250717765527043e+00   1.360148996372224195e+00   1.680913248655925329e+01   1.396584519463730523e+01   7.812721559637984814e-02   1.386048377582002189e+01
8.960938332625777436e-01   1.303419496851233816e+00   1.349166014984286344e+00   1.699305075451584202e+01   1.413291265686543952e+01   7.670308973242222217e-02   1.427921373694721652e+01
8.980351453958285157e-01   1.293384814656633353e+00   1.337979996027379492e+00   1.721795168117821717e+01   1.429906409856853777e+01   7.511839030600227229e-02   1.471469578603565154e+01
8.999764575290792878e-01   1.283144010094929399e+00   1.326588856442983744e+00   1.742468247359747480e+01   1.447653604300376884e+01   7.363944864069672802e-02   1.516788717549750842e+01
9.019177696623300600e-01   1.272694265077461750e+00   1.314990352348264002e+00   1.763693706596997046e+01   1.464865411527267547e+01   7.216073064824241046e-02   1.563982293687127090e+01
9.038590817955808321e-01   1.262032593808498859e+00   1.303182068611014044e+00   1.787284017323797869e+01   1.483797017176990884e+01   7.061175401200152357e-02   1.613161858067241994e+01
9.058003939288316042e-01   1.251155831211349323e+00   1.291161407411904216e+00   1.808526311819736776e+01   1.501628948742477654e+01   6.918095816656590069e-02   1.664447989144430906e+01
9.077417060620823763e-01   1.240060619786163443e+00   1.278925575653166335e+00   1.833560404668432753e+01   1.521898960803156342e+01   6.763129355481510563e-02   1.717971699859141310e+01
9.096830181953331484e-01   1.228743395923743265e+00   1.266471571100536986e+00   1.857757589949995491e+01   1.540830290524827184e+01   6.614121253337562623e-02   1.773874932790996084e+01
9.116243303285839206e-01   1.217200374083404313e+00   1.253796167109236803e+00   1.881049784104801503e+01   1.562184117993665389e+01   6.470856775663035021e-02   1.832312492774082457e+01
9.135656424618346927e-01   1.205427529698795297e+00   1.240895895734925425e+00   1.909082288040092124e+01   1.582502461713201214e+01   6.314172716652853568e-02   1.893452265578557103e+01
9.155069545950854648e-01   1.193420580195038383e+00   1.227767029063695725e+00   1.934152990618878576e+01   1.604894666082246957e+01   6.170249127051603832e-02   1.957478174025574802e+01
9.174482667283362369e-01   1.181174964421302320e+00   1.214405558521847617e+00   1.962348736743969013e+01   1.626788176913429496e+01   6.019189873361496107e-02   2.024591373891689727e+01
9.193895788615870091e-01   1.168685818345011285e+00   1.200807171898320647e+00   1.991293429835279483e+01   1.650338347582162868e+01   5.868978427964206823e-02   2.095011530821183143e+01
9.213308909948377812e-01   1.155947950437735017e+00   1.186967227762021349e+00   2.017206580714731246e+01   1.674023398573415022e+01   5.730439120559296245e-02   2.168980848444285670e+01
9.232722031280885533e-01   1.142955811833758162e+00   1.172880726957963526e+00   2.051261242133880103e+01   1.698859522835790870e+01   5.571966107275382746e-02   2.246765678336189254e+01
9.252135152613393254e-01   1.129703464709564287e+00   1.158542280722022921e+00   2.081449355661070300e+01   1.724583127887523304e+01   5.427484755451902204e-02   2.328659685482224972e+01
9.271548273945900975e-01   1.116184545657802119e+00   1.143946074960688009e+00   2.114043970379251647e+01   1.750895846326281102e+01   5.279854919278537118e-02   2.414988114976194922e+01
9.290961395278408697e-01   1.102392225480457455e+00   1.129085830114458178e+00   2.149352450922342683e+01   1.778948433492154635e+01   5.128950466022417359e-02   2.506111463926783500e+01
9.310374516610916418e-01   1.088319163523806310e+00   1.113954755933300733e+00   2.180614437959645002e+01   1.806957819628883399e+01   4.990883049192885307e-02   2.602431276114354830e+01
9.329787637943424139e-01   1.073957455779122938e+00   1.098545500371994832e+00   2.221419237091022580e+01   1.837664197683996647e+01   4.834555485282841791e-02   2.704394396350460283e+01
9.349200759275931860e-01   1.059298576717878859e+00   1.082850091629260714e+00   2.258379365674474570e+01   1.867694245049397139e+01   4.690525395415640758e-02   2.812502099345483231e+01
9.368613880608439581e-01   1.044333312780167944e+00   1.066859872247481134e+00   2.297971693248266689e+01   1.901442995973152961e+01   4.544587367409930190e-02   2.927316981250811878e+01
9.388027001940947303e-01   1.029051686062871340e+00   1.050565423854562974e+00   2.341696474632392722e+01   1.933891789637891634e+01   4.394470834331402204e-02   3.049472213053235237e+01
9.407440123273455024e-01   1.013442867808066694e+00   1.033956480929706823e+00   2.379961978445469839e+01   1.971107421486987832e+01   4.258231337250276832e-02   3.179684353087575488e+01
9.426853244605962745e-01   9.974950783116582897e-01   1.017021831568783785e+00   2.431758240268750626e+01   2.006555163682587306e+01   4.101950028558012246e-02   3.318767179969778880e+01
9.446266365938470466e-01   9.811954710003192304e-01   9.997492028026296884e-01   2.477465568527795625e+01   2.047749001326175033e+01   3.960480756886494702e-02   3.467647727434211191e+01
9.465679487270978187e-01   9.645299989596196610e-01   9.821251274546640708e-01   2.529578020545159234e+01   2.086936305573273742e+01   3.813007510050035742e-02   3.627388696102901378e+01
9.485092608603485909e-01   9.474832575929212908e-01   9.641347887809351702e-01   2.584071633638899002e+01   2.132653481569814247e+01   3.666629226755110937e-02   3.799211641380563975e+01
9.504505729935993630e-01   9.300383018495494980e-01   9.457618382252029887e-01   2.636078009080512174e+01   2.176656776635964619e+01   3.528113730495992945e-02   3.984530634551180839e+01
9.523918851268501351e-01   9.121764291934367774e-01   9.269881804036362860e-01   2.702517728982036971e+01   2.227544002737333173e+01   3.375283793372294699e-02   4.184989560858449664e+01
9.543331972601009072e-01   8.938769231530159232e-01   9.077937178879379454e-01   2.758934205085359181e+01   2.277755603243148030e+01   3.239935629872551376e-02   4.402511625287688446e+01
9.562745093933516793e-01   8.751167462122566576e-01   8.881560461700532816e-01   2.835082957157993633e+01   2.334491347711083620e+01   3.086741232748654515e-02   4.639362121404164441e+01
9.582158215266024515e-01   8.558701701161908204e-01   8.680500865435027968e-01   2.902386158590939402e+01   2.392935306023028375e+01   2.948850095576880867e-02   4.898226157488253563e+01
9.601571336598532236e-01   8.361083285080894711e-01   8.474476406774948956e-01   2.985772251200989302e+01   2.456276365115979843e+01   2.800308456787939729e-02   5.182312765477109195e+01
9.620984457931039957e-01   8.157986682468844064e-01   8.263168456211138491e-01   3.067535094627926995e+01   2.525563358391199742e+01   2.659459934706422113e-02   5.495487954042828704e+01
9.640397579263547678e-01   7.949042729698022614e-01   8.046215006182292351e-01   3.160851331752840920e+01   2.596333116801428176e+01   2.514842330559692585e-02   5.842452712997516073e+01
9.659810700596055399e-01   7.733830184869247004e-01   7.823202270338662778e-01   3.258673824449936518e+01   2.680210449669757367e+01   2.373306013888860921e-02   6.228979939971789292e+01
9.679223821928563121e-01   7.511865073689705241e-01   7.593654079006647573e-01   3.367582631729898424e+01   2.762589149205560801e+01   2.230640163929971387e-02   6.662241110895185159e+01
9.698636943261070842e-01   7.282587066575842982e-01   7.357018323691952855e-01   3.486594850965456516e+01   2.862521733707329830e+01   2.088739121655977873e-02   7.151254360346958094e+01
9.718050064593578563e-01   7.045341827127913348e-01   7.112649380616992145e-01   3.620360130073355975e+01   2.968897606052714622e+01   1.946033425957864604e-02   7.707521125523679473e+01
9.737463185926086284e-01   6.799357764306250829e-01   6.859784957308284747e-01   3.760809059059592130e+01   3.080210111004407736e+01   1.807950804608639619e-02   8.345945634500422727e+01
9.756876307258594005e-01   6.543714847756518793e-01   6.597515036374060893e-01   3.935366592124260876e+01   3.219425251135382382e+01   1.662796767358921957e-02   9.086191602422822200e+01
9.776289428591101727e-01   6.277301930894054749e-01   6.324739354222138621e-01   4.102159822978793358e+01   3.368802366941217485e+01   1.530243140633115798e-02   9.954745771221978146e+01
9.795702549923609448e-01   5.998756935584879102e-01   6.040107781260990460e-01   4.339443187212148700e+01   3.527737109167603080e+01   1.382379415235240709e-02   1.098816567092052026e+02
9.809569065161115597e-01   5.791443907021402993e-01   5.828623592096444650e-01   4.479695715019398961e+01   3.680950149129594706e+01   1.292820824326083341e-02   1.185517976872268378e+02
9.823435580398621747e-01   5.576326668966657962e-01   5.609488203508173898e-01   4.712661572297486856e+01   3.825453632908279644e+01   1.183264824647300636e-02   1.285823980309634180e+02
9.837302095636127897e-01   5.352494759828232418e-01   5.381797018038041447e-01   4.903518678189735169e+01   4.011850286769915641e+01   1.091562021296153991e-02   1.403213204110092818e+02
9.851168610873634046e-01   5.118837151219395309e-01   5.144445469993252917e-01   5.191676456480229263e+01   4.211825246091731856e+01   9.859699837092282190e-03   1.542462405570567512e+02
9.865035126111140196e-01   4.873974936266449731e-01   4.896061751553790753e-01   5.442185703332040703e+01   4.436971498109047474e+01   8.955914410054591560e-03   1.710317799810361521e+02
9.874939779852215382e-01   4.691264683668805446e-01   4.710945930100927104e-01   5.726459463257403115e+01   4.643151660773732203e+01   8.192260355232228869e-03   1.853012929934033366e+02
9.884844433593290569e-01   4.501168304772136253e-01   4.518538646075249687e-01   6.003645118488681476e+01   4.850640444416215047e+01   7.497392360701744807e-03   2.020289556203175607e+02
9.894749087334365756e-01   4.302722374742415923e-01   4.317878874566522529e-01   6.274627172877060133e+01   5.111471293102692215e+01   6.857335513640596195e-03   2.219147126734490314e+02
9.904653741075440943e-01   4.094730918900495453e-01   4.107771683768220439e-01   6.715786827340004095e+01   5.389635130476065683e+01   6.097172266145828128e-03   2.459571290756719861e+02
7.757324810010298721e-01   1.575379500242206854e+00   1.665477838509493713e+00   9.062707203752783158e+00   7.561351774934788494e+00   1.738310048888986326e-01   2.918345733432865963e+00
7.776737931342806442e-01   1.576357179331580483e+00   1.666736647602272914e+00   9.155232962239006511e+00   7.640151905896066964e+00   1.721810013828491415e-01   2.987870398699885133e+00
7.796151052675314164e-01   1.577140377350474409e+00   1.667742549648258077e+00   9.250758940044795153e+00   7.719002848722284149e+00   1.704876743164639719e-01   3.059165890092311102e+00
7.815564174007821885e-01   1.577731562355324968e+00   1.668499964418881154e+00   9.344033724458959966e+00   7.797834238660983353e+00   1.688490869018860474e-01   3.132281242139994148e+00
7.834977295340329606e-01   1.578133022533734220e+00   1.669013049155886330e+00   9.438521044812006267e+00   7.876555971734322092e+00   1.672013035772350886e-01   3.207262155280143467e+00
7.854390416672837327e-01   1.578346880083586035e+00   1.669285718146485520e+00   9.534878311869645628e+00   7.956728078355921774e+00   1.655340349880245476e-01   3.284166123377535662e+00
7.873803538005345048e-01   1.578375102283530618e+00   1.669321660300306043e+00   9.628104870099038592e+00   8.037288475657231146e+00   1.639341410982465552e-01   3.363042791127494269e+00
7.893216659337852770e-01   1.578219513144176744e+00   1.669124354966217139e+00   9.726302087572861410e+00   8.117731991025973315e+00   1.622630573196613135e-01   3.443949713832478832e+00
7.912629780670360491e-01   1.577881802265778788e+00   1.668697086208956071e+00   9.822569683696626086e+00   8.197911469934702211e+00   1.606383923022431381e-01   3.526941028957014890e+00
7.932042902002868212e-01   1.577363534090522768e+00   1.668042955697488283e+00   9.918976641624908552e+00   8.279383727245340552e+00   1.590248259554447596e-01   3.612081239092172158e+00
7.951456023335375933e-01   1.576666155366524213e+00   1.667164894383271978e+00   1.001836810487033524e+01   8.361789983613912014e+00   1.573775428155852196e-01   3.699428347548070484e+00
7.970869144667883655e-01   1.575791002600908319e+00   1.666065673075924680e+00   1.011335607540525672e+01   8.443849436082970783e+00   1.558128667528166922e-01   3.789046608608734434e+00
7.990282266000391376e-01   1.574739308099310620e+00   1.664747912051422807e+00   1.021598263179276422e+01   8.525411148590068322e+00   1.541446735822186442e-01   3.881001163549203437e+00
8.009695387332899097e-01   1.573512206296300064e+00   1.663214089779403881e+00   1.031354642013184453e+01   8.609945285939064163e+00   1.525675206372111292e-01   3.975362276366837921e+00
8.029108508665406818e-01   1.572110738422111353e+00   1.661466550867114700e+00   1.041592574060910792e+01   8.693987833364289486e+00   1.509333666130934504e-01   4.072201372147991272e+00
8.048521629997914539e-01   1.570535857596382812e+00   1.659507513291034186e+00   1.051625839010086061e+01   8.777244994007720180e+00   1.493435972507822784e-01   4.171589078162169173e+00
8.067934751330422261e-01   1.568788433192480625e+00   1.657339074988142036e+00   1.061874858445129277e+01   8.863231153955062780e+00   1.477376002186933102e-01   4.273602532725461423e+00
8.087347872662929982e-01   1.566869254823245683e+00   1.654963219859284074e+00   1.072182217302441742e+01   8.949262081659215440e+00   1.461383363329241125e-01   4.378323996287008413e+00
8.106760993995437703e-01   1.564779035521723927e+00   1.652381823249605475e+00   1.082474580829881639e+01   9.034203436934950204e+00   1.445557302899512508e-01   4.485833183396047197e+00
8.126174115327945424e-01   1.562518415360841573e+00   1.649596656937644568e+00   1.093044346032651148e+01   9.122512021390576820e+00   1.429510541847829608e-01   4.596217064162379629e+00
8.145587236660453145e-01   1.560087964038189057e+00   1.646609393695508627e+00   1.103452786454566770e+01   9.210413812238563480e+00   1.413823938086927468e-01   4.709566367163525058e+00
8.165000357992960867e-01   1.557488183682266936e+00   1.643421611423539819e+00   1.114264648279300829e+01   9.297473359813070104e+00   1.397772231298383683e-01   4.825970039473301831e+00
8.184413479325468588e-01   1.554719511121561482e+00   1.640034796930483596e+00   1.124822358374883535e+01   9.388472253997111494e+00   1.382191151825771791e-01   4.945527519271445627e+00
8.203826600657976309e-01   1.551782320183406227e+00   1.636450349352476463e+00   1.135860111296876873e+01   9.477963122024704035e+00   1.366173796183094147e-01   5.068338292450579985e+00
8.223239721990484030e-01   1.548676923078687651e+00   1.632669583264851676e+00   1.146647173997740232e+01   9.568839155997171275e+00   1.350613299537717915e-01   5.194509079246307337e+00
8.242652843322991751e-01   1.545403572661143921e+00   1.628693731493715546e+00   1.157874156515983621e+01   9.661576839548409623e+00   1.334690444522250441e-01   5.324148048904365993e+00
8.262065964655499473e-01   1.541962463449863208e+00   1.624523947638126797e+00   1.168928156952981112e+01   9.752146436054902168e+00   1.319125092742450822e-01   5.457368864473362002e+00
8.281479085988007194e-01   1.538353732924861106e+00   1.620161308352113805e+00   1.180310933996276646e+01   9.848083533251248411e+00   1.303346168044321463e-01   5.594291792643255157e+00
8.300892207320514915e-01   1.534577462895413191e+00   1.615606815367016003e+00   1.191725825187977783e+01   9.941995597590938871e+00   1.287693385895497811e-01   5.735040881912675026e+00
8.320305328653022636e-01   1.530633680207870606e+00   1.610861397284525598e+00   1.203212320357815912e+01   1.003792169806827417e+01   1.272122678857448008e-01   5.879744213765818905e+00
8.339718449985530357e-01   1.526522357432554600e+00   1.605925911159432840e+00   1.215034190013248683e+01   1.013531071776596626e+01   1.256361648075030313e-01   6.028542014645627667e+00
8.359131571318038079e-01   1.522243413629212450e+00   1.600801143860295817e+00   1.226553652680773787e+01   1.023155242479570326e+01   1.241073645903850026e-01   6.181572246614719823e+00
8.378544692650545800e-01   1.517796714536302716e+00   1.595487813233935848e+00   1.238899152204476373e+01   1.033254913253095886e+01   1.225117243671981493e-01   6.338986234963498667e+00
8.397957813983053521e-01   1.513182073181269516e+00   1.589986569085230173e+00   1.250385352441174192e+01   1.043016338170600577e+01   1.210172584177371807e-01   6.500937914258958727e+00
8.417370935315561242e-01   1.508399249572221601e+00   1.584297993955708694e+00   1.263314601916043856e+01   1.053417362272833202e+01   1.194001278291616924e-01   6.667592657754529917e+00
8.436784056648068963e-01   1.503447951256021042e+00   1.578422603726727269e+00   1.275141081757813133e+01   1.063536472756796059e+01   1.179044399685940103e-01   6.839119731377016009e+00
8.456197177980576685e-01   1.498327832547715843e+00   1.572360848039726200e+00   1.288291796672401190e+01   1.074064058891574369e+01   1.163034520919738884e-01   7.015698295267813300e+00
8.475610299313084406e-01   1.493038494715278830e+00   1.566113110545632958e+00   1.300775639772836456e+01   1.084553133549289505e+01   1.147806315757895490e-01   7.197520143049346508e+00
8.495023420645592127e-01   1.487579485215746899e+00   1.559679708979040846e+00   1.313835132891674995e+01   1.095245348815740627e+01   1.132242126865393578e-01   7.384780506290731239e+00
8.514436541978099848e-01   1.481950297138268979e+00   1.553060895044203527e+00   1.327052540491977517e+01   1.106116417080510672e+01   1.116723152942283859e-01   7.577686139088448236e+00
8.533849663310607569e-01   1.476150368733442741e+00   1.546256854143011061e+00   1.339885592185686747e+01   1.117009326958117121e+01   1.101698814691688955e-01   7.776459981643122354e+00
8.553262784643115291e-01   1.470179082123763692e+00   1.539267704917876900e+00   1.354015567429777356e+01   1.128276796044394814e+01   1.085791860513458246e-01   7.981330015092737540e+00
8.572675905975623012e-01   1.464035762337744018e+00   1.532093498613366300e+00   1.366922085045078461e+01   1.139411841264230318e+01   1.071045510461163530e-01   8.192537245868495077e+00
8.592089027308130733e-01   1.457719676449755974e+00   1.524734218256999618e+00   1.381625945213053441e+01   1.151087543795112111e+01   1.055075493841401840e-01   8.410341122126007818e+00
8.611502148640638454e-01   1.451230031623026662e+00   1.517189777649071258e+00   1.395443729356816576e+01   1.162505908543555577e+01   1.039977464581766375e-01   8.635009160238089621e+00
8.630915269973146176e-01   1.444565973996304820e+00   1.509460020159168803e+00   1.409837515298667654e+01   1.174605978950607543e+01   1.024632951188194363e-01   8.866829452493105279e+00
8.650328391305653897e-01   1.437726586349412861e+00   1.501544717319018396e+00   1.424784445296846513e+01   1.186354777486774736e+01   1.009083578288131888e-01   9.106097815853139821e+00
8.669741512638161618e-01   1.430710887042664359e+00   1.493443567206354627e+00   1.438646098306075238e+01   1.198891168928626527e+01   9.944842506626515310e-02   9.353138169323539586e+00
8.689154633970669339e-01   1.423517826944362463e+00   1.485156192601654990e+00   1.454863913451541357e+01   1.211019010571745369e+01   9.784542827563762202e-02   9.608283470320033715e+00
8.708567755303177060e-01   1.416146287570313689e+00   1.476682138917292830e+00   1.469636135307133173e+01   1.224009316892253096e+01   9.636033393220554133e-02   9.871892064799400401e+00
8.727980876635684782e-01   1.408595078226426267e+00   1.468020871880392431e+00   1.485637272713744395e+01   1.236571857202530644e+01   9.481419886924426221e-02   1.014434213319800548e+01
8.747393997968192503e-01   1.400862933295570656e+00   1.459171774948922362e+00   1.501814653960439827e+01   1.250028332015117982e+01   9.327801733731595768e-02   1.042603617189602261e+01
8.766807119300700224e-01   1.392948509076290975e+00   1.450134146450853478e+00   1.517067994309450896e+01   1.263084513812778731e+01   9.181846260690131045e-02   1.071740096885459970e+01
8.786220240633207945e-01   1.384850380090142830e+00   1.440907196434373150e+00   1.534840316412386230e+01   1.277026091390244922e+01   9.022765204182038590e-02   1.101888706475527258e+01
8.805633361965715666e-01   1.376567035836956165e+00   1.431490043177833904e+00   1.550992348582078684e+01   1.290643864908815708e+01   8.875395401501609549e-02   1.133098066764008394e+01
8.825046483298223388e-01   1.368096876081153601e+00   1.421881709377384784e+00   1.568653983279306274e+01   1.305083307059904918e+01   8.721470067102476964e-02   1.165419202296139645e+01
8.844459604630731109e-01   1.359438207065977622e+00   1.412081117942934672e+00   1.586573293719586708e+01   1.319335750513403305e+01   8.568392096648053124e-02   1.198907330629456247e+01
8.863872725963238830e-01   1.350589236131895632e+00   1.402087087418393052e+00   1.603194867214634911e+01   1.334293428619489141e+01   8.424361029039395543e-02   1.233620751042880492e+01
8.883285847295746551e-01   1.341548066731774957e+00   1.391898326924535301e+00   1.623138624127808782e+01   1.349265865061615166e+01   8.265147824035387614e-02   1.269622226255376951e+01
8.902698968628254272e-01   1.332312692453001546e+00   1.381513430671138964e+00   1.641204734343693517e+01   1.364755626798442556e+01   8.117894523292271125e-02   1.306978727604290391e+01
8.922112089960761994e-01   1.322880991218539970e+00   1.370930871916049787e+00   1.660593844349780923e+01   1.380540358344435248e+01   7.966312748416363998e-02   1.345761647460356691e+01
6.997728198511935505e-01   1.210625884570504240e+00   1.157673997809435695e+00   4.600840389419732723e+00   3.741621866929890849e+00   2.631314677541314873e-01   1.111731232274173253e+00
6.998970638277216549e-01   1.223197630132972336e+00   1.175638002010647609e+00   4.675019782623669684e+00   3.806951648314000458e+00   2.616454447271880923e-01   1.122041098921527702e+00
7.000213078042497594e-01   1.230666929804215215e+00   1.186309043515854755e+00   4.719969212950753779e+00   3.846546484306261782e+00   2.607362197252229286e-01   1.128518726869878197e+00
7.019626199375005315e-01   1.283306988428876139e+00   1.261419089690996920e+00   5.055047709799882050e+00   4.139893740144247047e+00   2.538664444137717635e-01   1.182848792522198211e+00
7.039039320707513037e-01   1.313125595481437813e+00   1.303842291090177685e+00   5.261261302164381704e+00   4.319448673760364343e+00   2.495838013103898467e-01   1.221806891237999793e+00
7.058452442040020758e-01   1.336231324377649798e+00   1.336623588394939777e+00   5.430898273816330502e+00   4.466931027449175140e+00   2.460424145338797886e-01   1.257164223170621042e+00
7.077865563372528479e-01   1.355642905593072323e+00   1.364087841703750525e+00   5.580870191114440715e+00   4.597073777298811947e+00   2.429088760658603963e-01   1.291052526800776645e+00
7.097278684705036200e-01   1.372599846740854446e+00   1.388013306052358287e+00   5.718800757664360468e+00   4.716141045780793739e+00   2.400153292456098653e-01   1.324332637542811941e+00
7.116691806037543921e-01   1.387756588473848751e+00   1.409340268836250409e+00   5.847722231257805880e+00   4.827633199226620597e+00   2.373157502344894476e-01   1.357449813404237204e+00
7.136104927370051643e-01   1.401509146184366728e+00   1.428638643903352268e+00   5.970129843721568186e+00   4.933228942738900891e+00   2.347535452111231546e-01   1.390672749320790436e+00
7.155518048702559364e-01   1.414118973005884072e+00   1.446285366691551610e+00   6.087303531243273724e+00   5.034199439936337228e+00   2.323063020839809811e-01   1.424184976726739826e+00
7.174931170035067085e-01   1.425769517547109899e+00   1.462545431907414706e+00   6.199971098252867741e+00   5.131401727069222041e+00   2.299638974041164907e-01   1.458112995135127932e+00
7.194344291367574806e-01   1.436595430361080616e+00   1.477613758790691012e+00   6.310393988822801781e+00   5.225667611017295044e+00   2.276554257793777236e-01   1.492555130496274307e+00
7.213757412700082527e-01   1.446699037747407601e+00   1.491638818217125628e+00   6.416664220857903445e+00   5.317550988733961148e+00   2.254596762356352591e-01   1.527590768938033028e+00
7.233170534032590249e-01   1.456160279596360851e+00   1.504736890098829605e+00   6.522095486526539254e+00   5.407406561117346300e+00   2.232657100167457775e-01   1.563283829777762923e+00
7.252583655365097970e-01   1.465043026538296767e+00   1.517001131604569952e+00   6.624593055636466055e+00   5.495433974884766037e+00   2.211521544394006444e-01   1.599687429187887089e+00
7.271996776697605691e-01   1.473399270615686873e+00   1.528507595410174336e+00   6.724994799478198004e+00   5.581701089525134662e+00   2.190929977715388166e-01   1.636851001015429130e+00
7.291409898030113412e-01   1.481272004758125149e+00   1.539319366567635239e+00   6.825103597946116984e+00   5.666718175724899886e+00   2.170328967905901518e-01   1.674818320958123774e+00
7.310823019362621134e-01   1.488697260183585058e+00   1.549489491330747537e+00   6.923562149918881303e+00   5.750725262815478800e+00   2.150189783738746530e-01   1.713630812835147843e+00
7.330236140695128855e-01   1.495705585013070049e+00   1.559063103582150500e+00   7.020693878581719005e+00   5.833435512493815978e+00   2.130424158751704766e-01   1.753322838396740746e+00
7.349649262027636576e-01   1.502323140896691944e+00   1.568079002594417348e+00   7.116767801336223442e+00   5.915541725227779324e+00   2.110962705028285868e-01   1.793933392725226561e+00
7.369062383360144297e-01   1.508572531710456133e+00   1.576570846116579272e+00   7.212014416772495551e+00   5.996806715392096976e+00   2.091749190353905385e-01   1.835494025238608273e+00
7.388475504692652018e-01   1.514473440595679676e+00   1.584568067738810093e+00   7.306579779367688765e+00   6.076949948720016259e+00   2.072752897152027318e-01   1.878041455563446815e+00
7.407888626025159740e-01   1.520043126755695084e+00   1.592096592762254792e+00   7.400626241663257332e+00   6.157302578376739000e+00   2.053938514281829497e-01   1.921606538291273480e+00
7.427301747357667461e-01   1.525296817946013794e+00   1.599179404288446849e+00   7.494214018478650985e+00   6.236852297969611492e+00   2.035299251108996232e-01   1.966222410207104865e+00
7.446714868690175182e-01   1.530248024628576786e+00   1.605836996185724841e+00   7.587441607313020420e+00   6.315737942000851035e+00   2.016816871649693421e-01   2.011921104019032569e+00
7.466127990022682903e-01   1.534908793853105635e+00   1.612087739467497061e+00   7.680307414895183094e+00   6.394103232897283107e+00   1.998499162776094795e-01   2.058735143742704832e+00
7.485541111355190624e-01   1.539289916150323734e+00   1.617948181525513451e+00   7.772835242219216845e+00   6.472573733888832948e+00   1.980345482931968326e-01   2.106698296713767959e+00
7.504954232687698346e-01   1.543401096832098807e+00   1.623433292706728759e+00   7.864979195186485583e+00   6.550863269570452729e+00   1.962371493336803052e-01   2.155844293285076319e+00
7.524367354020206067e-01   1.547251096732680020e+00   1.628556671159338443e+00   7.956662742217005757e+00   6.628854965389093579e+00   1.944598064365816725e-01   2.206201892676048271e+00
7.543780475352713788e-01   1.550847851724029169e+00   1.633330714283969698e+00   8.047810647894996450e+00   6.706631278068313051e+00   1.927043166863862955e-01   2.257809386038875044e+00
7.563193596685221509e-01   1.554198571859956246e+00   1.637766763232913148e+00   8.139552237621144215e+00   6.784258933050246299e+00   1.909439888691204512e-01   2.310700613729558484e+00
7.582606718017729230e-01   1.557309826111350048e+00   1.641875225454057619e+00   8.232167666026683150e+00   6.861794758786384563e+00   1.891737254743011409e-01   2.364911069281343536e+00
7.602019839350236952e-01   1.560187614619849228e+00   1.645665679260906122e+00   8.324261844008026046e+00   6.939284732038165870e+00   1.874265422997120345e-01   2.420473076595781148e+00
7.621432960682744673e-01   1.562837430607374012e+00   1.649146963517992948e+00   8.415633422562251553e+00   7.016763768203550633e+00   1.857064527570103374e-01   2.477428424569542376e+00
7.640846082015252394e-01   1.565264313202646695e+00   1.652327254990353822e+00   8.506033835282835298e+00   7.094257097087108832e+00   1.840181150831972923e-01   2.535810754389501209e+00
7.660259203347760115e-01   1.567472894306206399e+00   1.655214135337436110e+00   8.599505977062261053e+00   7.171779343594938183e+00   1.822747607231365585e-01   2.595659892919151890e+00
7.679672324680267836e-01   1.569467437925368580e+00   1.657814649435594978e+00   8.692239050037345649e+00   7.249332775579544474e+00   1.805596266842920683e-01   2.657017095348251701e+00
7.699085446012775558e-01   1.571251875673169707e+00   1.660135356317292477e+00   8.783743094485881642e+00   7.326911662743818887e+00   1.788818114067504128e-01   2.719922689987793518e+00
7.718498567345283279e-01   1.572829837242806894e+00   1.662182373881200492e+00   8.875930336377198415e+00   7.404490583600843223e+00   1.772016878948121377e-01   2.784416631234662987e+00
7.737911688677791000e-01   1.574204677488182824e+00   1.663961418241865386e+00   8.970139296484441971e+00   7.482662263939007019e+00   1.754938942927164736e-01   2.850542351597962654e+00
7.757324810010298721e-01   1.575379500239364239e+00   1.665477838508558683e+00   9.062707203748985307e+00   7.561351774931083014e+00   1.738310048886578252e-01   2.918345137214391372e+00
7.776737931342806442e-01   1.576357179375009077e+00   1.666736647602287791e+00   9.155232962246801165e+00   7.640151905902544449e+00   1.721810013874461309e-01   2.987873306179553268e+00
7.796151052675314164e-01   1.577140377310570329e+00   1.667742549649350758e+00   9.250758940046551970e+00   7.719002848723849119e+00   1.704876743121179761e-01   3.059165848334187476e+00
7.815564174007821885e-01   1.577731562299845791e+00   1.668499964419282389e+00   9.344033724444999578e+00   7.797834238651121019e+00   1.688490868962009284e-01   3.132280644487264176e+00
7.834977295340329606e-01   1.578133022580914258e+00   1.669013049155458672e+00   9.438521044806067906e+00   7.876555971729842121e+00   1.672013035823389504e-01   3.207262992610611541e+00
7.854390416672837327e-01   1.578346880084950499e+00   1.669285718146585884e+00   9.534878311887858615e+00   7.956728078369226687e+00   1.655340349878514361e-01   3.284165300249340280e+00
7.873803538005345048e-01   1.578375102348559045e+00   1.669321660300126187e+00   9.628104870089526202e+00   8.037288475650790076e+00   1.639341411051625508e-01   3.363042368350783740e+00
7.893216659337852770e-01   1.578219513146109421e+00   1.669124354966264434e+00   9.726302087579528077e+00   8.117731991031448047e+00   1.622630573197487991e-01   3.443948614484464432e+00
7.912629780670360491e-01   1.577881802297952163e+00   1.668697086208217994e+00   9.822569683680569597e+00   8.197911469922431138e+00   1.606383923057811691e-01   3.526941617656934813e+00
7.932042902002868212e-01   1.577363534122810051e+00   1.668042955697522478e+00   9.918976641627828883e+00   8.279383727247411784e+00   1.590248259586530266e-01   3.612082038659779837e+00
7.951456023335375933e-01   1.576666155372208777e+00   1.667164894383589502e+00   1.001836810484682871e+01   8.361789983596304765e+00   1.573775428165218870e-01   3.699427279581971817e+00
7.355321262825452733e-01   9.047381780727619116e-01   7.271789489219430136e-01   3.174682179979709584e+00   2.440639302459614246e+00   2.849854337477474853e-01   1.001807108107324984e+00
7.289672357151595339e-01   9.302948544321907320e-01   7.620839040517335405e-01   3.268897175109048980e+00   2.532760502509382672e+00   2.845898187058014672e-01   1.004289662498188740e+00
7.232689414482648127e-01   9.556377963709792311e-01   7.969888696370166503e-01   3.367045110670388919e+00   2.626683842740848984e+00   2.838209067477295844e-01   1.007595319301079151e+00
7.183461439175364838e-01   9.807956138600956164e-01   8.318938449623010101e-01   3.468818405288595308e+00   2.722487014578959919e+00   2.827463127976849178e-01   1.011772790690495860e+00
7.141229157737694067e-01   1.005794010788576998e+00   8.667988294321856690e-01   3.574124078626247591e+00   2.820313148608282638e+00   2.814099311222470479e-01   1.016886948490596909e+00
7.105357859707234214e-01   1.030656265356356016e+00   9.017038227174491993e-01   3.682858483327718258e+00   2.920328288803718753e+00   2.798522587881482893e-01   1.023021345302626228e+00
7.084711586821899054e-01   1.047166033420012354e+00   9.249738228679864616e-01   3.757331968583690340e+00   2.988235470383713288e+00   2.786993649152424979e-01   1.027727730687510999e+00
7.066519536947558633e-01   1.063630637422420477e+00   9.482438264578737508e-01   3.833263000355305650e+00   3.057327974876619781e+00   2.774739529543974181e-01   1.032962989576493795e+00
7.050662176643328616e-01   1.080055646523646828e+00   9.715138334144071131e-01   3.910977633774194384e+00   3.127516070440409024e+00   2.761600161546731158e-01   1.038765174972768879e+00
7.037034132158987987e-01   1.096446368364695445e+00   9.947838435671473301e-01   3.990380595345411230e+00   3.199001361350119588e+00   2.747723787659873684e-01   1.045175869166478089e+00
7.025543012946515731e-01   1.112807880663240212e+00   1.018053856965018600e+00   4.071416230696319083e+00   3.271712459470923928e+00   2.733220623018739470e-01   1.052239770576091304e+00
7.019029286046004623e-01   1.123701743783271922e+00   1.033567200936352792e+00   4.126586279745215080e+00   3.321052593569919775e+00   2.723078272466538108e-01   1.057338970786945387e+00
7.013408336549322719e-01   1.134586197078760961e+00   1.049080546283396087e+00   4.182425915735314526e+00   3.371010764844857288e+00   2.712746668889384760e-01   1.062768201924111366e+00
7.008661284276234138e-01   1.145462610475192378e+00   1.064593892896606775e+00   4.239365726091284259e+00   3.421621280757984440e+00   2.701966955635399792e-01   1.068545793161145729e+00
7.004771313969887503e-01   1.156332326444612590e+00   1.080107240735792562e+00   4.296958427764872468e+00   3.472920134358355337e+00   2.691048437827442963e-01   1.074690161941769917e+00
7.001723622414420811e-01   1.167196662803803520e+00   1.095620589670669442e+00   4.355789913628127508e+00   3.524993764055872170e+00   2.679644073631628487e-01   1.081224753765558599e+00
7.000153343786945648e-01   1.174437206194511418e+00   1.105962823117530247e+00   4.395459271280062197e+00   3.560212315220200541e+00   2.671932860050111325e-01   1.085807410476757218e+00
6.998948348343689840e-01   1.181676314701803676e+00   1.116305057059054473e+00   4.435578979424277257e+00   3.595655640015852139e+00   2.664085839037818593e-01   1.090580977681489427e+00
6.998105698872979508e-01   1.188914364514744193e+00   1.126647291495109560e+00   4.476163020429503980e+00   3.631607279428911816e+00   2.656101574246649277e-01   1.095549183308344166e+00
6.997622840206371153e-01   1.196151729163489108e+00   1.136989526331262823e+00   4.517224408154034698e+00   3.667851217498760086e+00   2.647979425162755862e-01   1.100728296174692700e+00
6.997497601691500257e-01   1.203388779597730718e+00   1.147331761839765818e+00   4.558778716402687614e+00   3.704513963450012159e+00   2.639717464828649218e-01   1.106117712330938252e+00
6.997529408149490981e-01   1.205556218370020360e+00   1.150429187652845187e+00   4.571275889291430694e+00   3.715604253809008828e+00   2.637242309513914140e-01   1.107772728891668557e+00
6.997728198511935505e-01   1.210625884572664290e+00   1.157673997805553023e+00   4.600840389392470087e+00   3.741621866909716765e+00   2.631314677561601978e-01   1.111730965747412148e+00
6.998970638277216549e-01   1.223197630136269254e+00   1.175638002009768535e+00   4.675019782570690730e+00   3.806951648282770773e+00   2.616454447308583786e-01   1.122039898892814191e+00
