# freq   mass   ang   radius99   radius95   compactness   kappa
7.462732592313532365e-01   1.670961187310581408e+00   1.662282993923750452e+00   7.611874284834349247e+00   6.230444229440671222e+00   2.195203342545672398e-01   1.495970466182136027e+00
7.469544889546565480e-01   1.737250749715826714e+00   1.751081300005240760e+00   8.008617922731907868e+00   6.595974875448929353e+00   2.169226658678223008e-01   1.596442694552431041e+00
7.486575632629147714e-01   1.798369512404519810e+00   1.832821755587168200e+00   8.411446917891439057e+00   6.964309490034182204e+00   2.138002569545229548e-01   1.712740568496031512e+00
7.503606375711729948e-01   1.837843094894310525e+00   1.885490517863600779e+00   8.696362878901723548e+00   7.222577313260430287e+00   2.113346833022697324e-01   1.803906700796937379e+00
7.520637118794312181e-01   1.868748799562240492e+00   1.926633120313841596e+00   8.936425241007256659e+00   7.439001719559682257e+00   2.091159215417559003e-01   1.886638863746329609e+00
7.537667861876894415e-01   1.894602735460466647e+00   1.960972515253540216e+00   9.150035841436427120e+00   7.630987094807842652e+00   2.070595971745440300e-01   1.965321460500926820e+00
7.554698604959476649e-01   1.916980051981340694e+00   1.990627015231736019e+00   9.346700948489424121e+00   7.806739958930000611e+00   2.050969708505711031e-01   2.041884006942646490e+00
7.571729348042058882e-01   1.936750382664399694e+00   2.016767650353563646e+00   9.529881232069731922e+00   7.970763750777376089e+00   2.032292255801565473e-01   2.117379180375488001e+00
7.588760091124641116e-01   1.954454978173771451e+00   2.040124294175230002e+00   9.703577849884926110e+00   8.126493618098413307e+00   2.014159115750227269e-01   2.192460613854918972e+00
7.605790834207223350e-01   1.970458314529764721e+00   2.061189206299375964e+00   9.870086815506338596e+00   8.274892593193271750e+00   1.996394106112712730e-01   2.267568267435295937e+00
7.622821577289805584e-01   1.985019969307131760e+00   2.080313565781457541e+00   1.003094166791206199e+01   8.416893886540236736e+00   1.978896932136495201e-01   2.343019486669177365e+00
7.639852320372387817e-01   1.998332737157056727e+00   2.097758682532079089e+00   1.018686451844904894e+01   8.554633928025154432e+00   1.961675973542154339e-01   2.419052438204191802e+00
7.656883063454970051e-01   2.010544566340399797e+00   2.113725481345631430e+00   1.033829577086412144e+01   8.688771741991834219e+00   1.944754349170984553e-01   2.495856749090879845e+00
7.673913806537552285e-01   2.021771999022462296e+00   2.128372574108555515e+00   1.048519336569682103e+01   8.819215314611600576e+00   1.928216226928972932e-01   2.573585851382742984e+00
7.690944549620134518e-01   2.032108825525938300e+00   2.141827900840376664e+00   1.062713577928281516e+01   8.946521404199840433e+00   1.912188634577771107e-01   2.652368837916343924e+00
7.707975292702716752e-01   2.041631886339587254e+00   2.154196536949038343e+00   1.077027213846779219e+01   9.071070336877841811e+00   1.895617733787398340e-01   2.732317413699648867e+00
7.725006035785298986e-01   2.050405093997483164e+00   2.165566107724747891e+00   1.091072479404098416e+01   9.193118413145150214e+00   1.879256541341172149e-01   2.813529476758402037e+00
7.742036778867881219e-01   2.058482301328126596e+00   2.176010651066831780e+00   1.104600648109244254e+01   9.312792536969460855e+00   1.863553407153663022e-01   2.896093911535241539e+00
7.759067521950463453e-01   2.065909396711731461e+00   2.185593440684330258e+00   1.118094580888680056e+01   9.431843492099829973e+00   1.847705401693041372e-01   2.980091310200086330e+00
7.776098265033045687e-01   2.072725868025031559e+00   2.194369093185713382e+00   1.131636314621159300e+01   9.549388519366001304e+00   1.831618375307196844e-01   3.065596704120948424e+00
7.793129008115627920e-01   2.078965989687503679e+00   2.202385169785063379e+00   1.144500059617902465e+01   9.665118839525845829e+00   1.816483950539572456e-01   3.152681566163888061e+00
7.810159751198210154e-01   2.084659740283427709e+00   2.209683413667799190e+00   1.157843727732179318e+01   9.778861386988033644e+00   1.800467274082457325e-01   3.241413469933577929e+00
7.827190494280792388e-01   2.089833521161608587e+00   2.216300719715519563e+00   1.170748117096532148e+01   9.890410269370265794e+00   1.785041112296996968e-01   3.331858857574363952e+00
7.844221237363374621e-01   2.094510726341809459e+00   2.222269904314551514e+00   1.183489072378904439e+01   1.000385152797472088e+01   1.769776143460016216e-01   3.424079570047064092e+00
7.861251980445956855e-01   2.098712200495810976e+00   2.227620323560388638e+00   1.196435329057304386e+01   1.011524307797110644e+01   1.754137603199521778e-01   3.518137969847717095e+00
7.878282723528539089e-01   2.102456609831619971e+00   2.232378374943067900e+00   1.208786826637203227e+01   1.022411000493644906e+01   1.739311319002847245e-01   3.614096977947291123e+00
7.895313466611121322e-01   2.105760746330020083e+00   2.236567908363662927e+00   1.221743657177431253e+01   1.033424091603263584e+01   1.723570025478924905e-01   3.712016305212606060e+00
8.786220240633207945e-01   1.840644800917402568e+00   1.926568378672689263e+00   1.917551158320713611e+01   1.620894354958493722e+01   9.598934520888291466e-02   1.367749881824894054e+01
8.805633361965715666e-01   1.826918725045857173e+00   1.910963420744616004e+00   1.934257512779097610e+01   1.636370261023088801e+01   9.445064646128641106e-02   1.407504667248870689e+01
8.825046483298223388e-01   1.812878779627794756e+00   1.895036779477913935e+00   1.954117955963989317e+01   1.650884114525674917e+01   9.277222872318781344e-02   1.448573724463542867e+01
8.844459604630731109e-01   1.798524993378919135e+00   1.878789901263596462e+00   1.974410855915416718e+01   1.667689554150456388e+01   9.109172936273439436e-02   1.491016770857644680e+01
8.863872725963238830e-01   1.783857297641361583e+00   1.862224112608072302e+00   1.992740940244015135e+01   1.683659051622990077e+01   8.951777231128320300e-02   1.534897860143190407e+01
8.883285847295746551e-01   1.768875524508644048e+00   1.845340619934897841e+00   2.011340201127984884e+01   1.698937892796037019e+01   8.794511855908992981e-02   1.580284838734950803e+01
8.902698968628254272e-01   1.753579405904588384e+00   1.828140508908737916e+00   2.033789852215518223e+01   1.716699290287153801e+01   8.622225172351601075e-02   1.627249934338095727e+01
8.922112089960761994e-01   1.737968571447368049e+00   1.810624743260360825e+00   2.054034433887443001e+01   1.733315490235844436e+01   8.461243603195628404e-02   1.675870652795217808e+01
8.941525211293269715e-01   1.722042545770136712e+00   1.792794163090949411e+00   2.072361889756058062e+01   1.749663548680358005e+01   8.309564822063206235e-02   1.726229868918992949e+01
8.960938332625777436e-01   1.705800745993769851e+00   1.774649482615654916e+00   2.095783033195658973e+01   1.768299414482564913e+01   8.139204865079747997e-02   1.778416159133394459e+01
8.980351453958285157e-01   1.689242477568541290e+00   1.756191287364070375e+00   2.118689498696732798e+01   1.785744792996647590e+01   7.973053524868288500e-02   1.832524353564181396e+01
8.999764575290792878e-01   1.672366930974817478e+00   1.737420030700727924e+00   2.139343635770095986e+01   1.803251447367160765e+01   7.817196372815619909e-02   1.888656947515152851e+01
9.019177696623300600e-01   1.655173176070775298e+00   1.718336029709861101e+00   2.160780495140290114e+01   1.822978237570255189e+01   7.660070885466374602e-02   1.946923209477928296e+01
9.038590817955808321e-01   1.637660157634513780e+00   1.698939460316626349e+00   2.186810064755772487e+01   1.841441306789843679e+01   7.488808397346621848e-02   2.007441998893875379e+01
9.058003939288316042e-01   1.619826688061834830e+00   1.679230351645729646e+00   2.210216230007872440e+01   1.860204584466182354e+01   7.328815461897432437e-02   2.070340263471430831e+01
9.077417060620823763e-01   1.601671441441567367e+00   1.659208579441677323e+00   2.231354950030612727e+01   1.881266665596327670e+01   7.178021772912433762e-02   2.135756491319345685e+01
9.096830181953331484e-01   1.583192944386269119e+00   1.638873858557491126e+00   2.258654478646870345e+01   1.900983659419558691e+01   7.009451686185923236e-02   2.203839608504480552e+01
9.116243303285839206e-01   1.564389567766511391e+00   1.618225734332649601e+00   2.285870643586330786e+01   1.921200503476783084e+01   6.843736202465600105e-02   2.274751677868439614e+01
9.135656424618346927e-01   1.545259516101509467e+00   1.597263572768602424e+00   2.310311400266946080e+01   1.943881791196582753e+01   6.688533484806255536e-02   2.348668632517518873e+01
9.155069545950854648e-01   1.525800815950447031e+00   1.575986549329982500e+00   2.334985382666881648e+01   1.965099318481584234e+01   6.534519775912978057e-02   2.425782006330551255e+01
9.174482667283362369e-01   1.506011302747538139e+00   1.554393636227074271e+00   2.366688267108731125e+01   1.987016671584984806e+01   6.363369961635714778e-02   2.506300847965638212e+01
9.193895788615870091e-01   1.485888605939294393e+00   1.532483587943475500e+00   2.395044299000633004e+01   2.011644231008358119e+01   6.204013038753825732e-02   2.590453632350019220e+01
9.213308909948377812e-01   1.465430132382948614e+00   1.510254924791144093e+00   2.420534807480791173e+01   2.034678978727142606e+01   6.054158477101668351e-02   2.678490730797896191e+01
9.232722031280885533e-01   1.444633046777312302e+00   1.487705914219520587e+00   2.453374465774521695e+01   2.058737146145944052e+01   5.888351195182292552e-02   2.770686947812692580e+01
9.252135152613393254e-01   1.423494250570911612e+00   1.464834549517126217e+00   2.487164846491610248e+01   2.085692900119649806e+01   5.723361089550978859e-02   2.867345631613629919e+01
9.271548273945900975e-01   1.402010357072867919e+00   1.441638525564657325e+00   2.517305169495334738e+01   2.110875182896958080e+01   5.569489047503686785e-02   2.968800776176220069e+01
9.290961395278408697e-01   1.380177663511290120e+00   1.418115211128207820e+00   2.547707052782029535e+01   2.137666361455066166e+01   5.417332663911151452e-02   3.075422375687887921e+01
9.310374516610916418e-01   1.357992118857850983e+00   1.394261617156437483e+00   2.587864312317931237e+01   2.167391062258107937e+01   5.247539882187669119e-02   3.187621673254218280e+01
9.329787637943424139e-01   1.335449287489268499e+00   1.370074360477456787e+00   2.623485036612908772e+01   2.195150752247698733e+01   5.090363653125390409e-02   3.305855558671534311e+01
9.349200759275931860e-01   1.312544306837253316e+00   1.345549621976742438e+00   2.655280102484985605e+01   2.225659410486393242e+01   4.943148203494193010e-02   3.430635655201985657e+01
9.368613880608439581e-01   1.289271838974173301e+00   1.320683098461398197e+00   2.699210381590422259e+01   2.258658288927492919e+01   4.776477772045732706e-02   3.562534411606084461e+01
9.388027001940947303e-01   1.265626014775648400e+00   1.295469946935193573e+00   2.742397955585212443e+01   2.289431676076529243e+01   4.615034124416748929e-02   3.702196000489409045e+01
9.407440123273455024e-01   1.241600368670219723e+00   1.269904719914557445e+00   2.780545707993193716e+01   2.325024500697919549e+01   4.465311845444617372e-02   3.850348021624073880e+01
9.426853244605962745e-01   1.217187763268270828e+00   1.243981290089166025e+00   2.825239546631699739e+01   2.361879603887133428e+01   4.308263930113195167e-02   4.007815041806880174e+01
9.446266365938470466e-01   1.192380300687091221e+00   1.217692762160159647e+00   2.877065402518308801e+01   2.396249971217902441e+01   4.144432377669952233e-02   4.175536192780329969e+01
9.465679487270978187e-01   1.167169218539243047e+00   1.191031369264659689e+00   2.922513887701354918e+01   2.439069058984312477e+01   3.993716585748226244e-02   4.354584794627120914e+01
9.485092608603485909e-01   1.141544767744107958e+00   1.163988350642657599e+00   2.969480178845870100e+01   2.480403441848706336e+01   3.844257913813673572e-02   4.546195209897141609e+01
9.504505729935993630e-01   1.115496066381297169e+00   1.136553806518428411e+00   3.033296106767457800e+01   2.521533747640960499e+01   3.677504691653944724e-02   4.751792666262987552e+01
9.523918851268501351e-01   1.089010926441915217e+00   1.108716524856997454e+00   3.088446435752680941e+01   2.571968941848008328e+01   3.526080018209912237e-02   4.973033331796533218e+01
9.543331972601009072e-01   1.062075645247318789e+00   1.080463773387152937e+00   3.142613123053734725e+01   2.618534815851293729e+01   3.379593999197968296e-02   5.211853528279723236e+01
9.562745093933516793e-01   1.034674753413810322e+00   1.051781048326626555e+00   3.219118242694479193e+01   2.672782010476580794e+01   3.214155788660197355e-02   5.470530211395032438e+01
9.582158215266024515e-01   1.006790708544485824e+00   1.022651768514325932e+00   3.284615760449632660e+01   2.729644415268637658e+01   3.065170424703392987e-02   5.751761449751433020e+01
9.601571336598532236e-01   9.784035193116551454e-01   9.930569003902792735e-01   3.353180628381620210e+01   2.785317906088507200e+01   2.917837205160856914e-02   6.058768788225415136e+01
9.620984457931039957e-01   9.494902805364519027e-01   9.629744941989749618e-01   3.446558787399014534e+01   2.855543992118984775e+01   2.754893617389871097e-02   6.395431322296423815e+01
9.640397579263547678e-01   9.200245929911261555e-01   9.323791051759517945e-01   3.524945996312944629e+01   2.919709479528528462e+01   2.610038831668519410e-02   6.766461974883200980e+01
9.659810700596055399e-01   8.899758323217383804e-01   9.012410638497510007e-01   3.623781222914604427e+01   3.001502748368291051e+01   2.455931463781722141e-02   7.177647299436081596e+01
9.679223821928563121e-01   8.593082164962879688e-01   8.695255457888413364e-01   3.731947596401077050e+01   3.080254253259404607e+01   2.302573105059048386e-02   7.636170135807400072e+01
9.698636943261070842e-01   8.279796024804682020e-01   8.371913709042522189e-01   3.821992584604601007e+01   3.174947435711321830e+01   2.166355857977484214e-02   8.151062291340372212e+01
9.718050064593578563e-01   7.959399109389552196e-01   8.041894320444168409e-01   3.975724762051756045e+01   3.272196809643111948e+01   2.001999531094787732e-02   8.733835878531283470e+01
9.737463185926086284e-01   7.631290329666171601e-01   7.704606059705699783e-01   4.099915932782091232e+01   3.388177885572007852e+01   1.861328489359484473e-02   9.399407271199133618e+01
9.756876307258594005e-01   7.294739965843746177e-01   7.359329267329952629e-01   4.273474908720404386e+01   3.507898133824938469e+01   1.706980881286604065e-02   1.016745080365333251e+02
9.776289428591101727e-01   6.948850547598794947e-01   7.005176825252426021e-01   4.440285620149115431e+01   3.658397954951728792e+01   1.564955757815740534e-02   1.106446494525038986e+02
9.795702549923609448e-01   6.592501568584339111e-01   6.641038983766256454e-01   4.659213768756546159e+01   3.805508116373388816e+01   1.414938634666627372e-02   1.212701758050891812e+02
9.809569065161115597e-01   6.330789239103751243e-01   6.374059729678386299e-01   4.827831316831439068e+01   3.956835472012868138e+01   1.311311192052733166e-02   1.301525977559055889e+02
9.823435580398621747e-01   6.062378586140084735e-01   6.100634188638306421e-01   4.980239321580684475e+01   4.091777840802598121e+01   1.217286599033545746e-02   1.403990701582674774e+02
9.837302095636127897e-01   5.786484750336740035e-01   5.819982095803309941e-01   5.241909813782609007e+01   4.276446890309494364e+01   1.103888650491901754e-02   1.523576023137726736e+02
9.851168610873634046e-01   5.502137415651304764e-01   5.531137985583477468e-01   5.443817442722298949e+01   4.454632604252972783e+01   1.010713065517465648e-02   1.665062340290820089e+02
9.865035126111140196e-01   5.208116678070382477e-01   5.232887001341823829e-01   5.778903773168936908e+01   4.700892333514354249e+01   9.012291746838421366e-03   1.835203967567412064e+02
9.874939779852215382e-01   4.991330216605547321e-01   5.013244870239862427e-01   6.008741243379454744e+01   4.870182403812596306e+01   8.306781760830673697e-03   1.979572925679404989e+02
9.884844433593290569e-01   4.768105738407939498e-01   4.787304735360353170e-01   6.200948000755536071e+01   5.092724864817232344e+01   7.689317404092057759e-03   2.148574677040061829e+02
9.894749087334365756e-01   4.537563600831618360e-01   4.554187618307951602e-01   6.614215078039447349e+01   5.337007617133917847e+01   6.860320608407884449e-03   2.349240883465134004e+02
9.904653741075440943e-01   4.298602706562633102e-01   4.312790995802577299e-01   6.922086989229703136e+01   5.612291745144323585e+01   6.209980766278965988e-03   2.591622231738266464e+02
7.943821880362550436e-01   1.092940126193866490e+00   9.026310541737000426e-01   5.372417372458214935e+00   3.951002236590807293e+00   2.034354463591830919e-01   1.161877090632713383e+00
7.857922890782398362e-01   1.139418880403923140e+00   9.614663933352964875e-01   5.458958548642500297e+00   4.076524353415569735e+00   2.087245891777776419e-01   1.164083330548339346e+00
7.784106115101379064e-01   1.185428795870279828e+00   1.020301741543808483e+00   5.570162074116796980e+00   4.214752306729201869e+00   2.128176487680102369e-01   1.170826612396301813e+00
7.720590886740185121e-01   1.231035462687827930e+00   1.079137097144081237e+00   5.699780772182098332e+00   4.362652698068409940e+00   2.159794405946142415e-01   1.181358823049272200e+00
7.683292422446504899e-01   1.261244075583704216e+00   1.118360671396177786e+00   5.794312804616399859e+00   4.465790985210798425e+00   2.176693109455284658e-01   1.190299303630297789e+00
7.649648367013168748e-01   1.291313653364682068e+00   1.157584248378395353e+00   5.894540761361315440e+00   4.572344686916491874e+00   2.190694246834692382e-01   1.200718890604818068e+00
7.619387142741159691e-01   1.321257982899055605e+00   1.196807827866950280e+00   5.999841704149972088e+00   4.681947863100727858e+00   2.202154736824419035e-01   1.212605462952880853e+00
7.592277245040325306e-01   1.351089866999018341e+00   1.236031409639264389e+00   6.110344547069541221e+00   4.794468776752865757e+00   2.211151689714432322e-01   1.225982165679035063e+00
7.463021890609481401e-01   1.681059118119833329e+00   1.675813883392161419e+00   7.669490124407152720e+00   6.284228687009367320e+00   2.191878587560966707e-01   1.509848500086989675e+00
7.466127990022682903e-01   1.716316155847266378e+00   1.723047982273286927e+00   7.879275124110366235e+00   6.476840919193914914e+00   2.178266564896796376e-01   1.562195464352916785e+00
7.485541111355190624e-01   1.795530592686304994e+00   1.829029487791499653e+00   8.392464161805927247e+00   6.946135902212011715e+00   2.139455776120865738e-01   1.706722626561729905e+00
7.504954232687698346e-01   1.840533388095764389e+00   1.889075522040033928e+00   8.717362455864922310e+00   7.241131753226345502e+00   2.111342045732512440e-01   1.810675626319614206e+00
7.524367354020206067e-01   1.874772318151372019e+00   1.934640447599392132e+00   8.984526026655228037e+00   7.482125976394848443e+00   2.086668025212805866e-01   1.904130985106912588e+00
7.543780475352713788e-01   1.902979300082392911e+00   1.972080961932219711e+00   9.222130054847863079e+00   7.695332419392379997e+00   2.063492152859024709e-01   1.992977581493869943e+00
7.563193596685221509e-01   1.927128279264252342e+00   2.004052511716218898e+00   9.438550497260596472e+00   7.889505589194035551e+00   2.041762959072554173e-01   2.079627617470048317e+00
7.582606718017729230e-01   1.948270742715976667e+00   2.031971784240571122e+00   9.642586930797520495e+00   8.071039657016198632e+00   2.020485536400384585e-01   2.165350153420358748e+00
7.602019839350236952e-01   1.967046951502879670e+00   2.056702883344005084e+00   9.834788243297795773e+00   8.242605156437043945e+00   2.000090803015897867e-01   2.250918385635514607e+00
7.621432960682744673e-01   1.983881702238477596e+00   2.078820197547479598e+00   1.001845067981176385e+01   8.405757381150323226e+00   1.980228046873763470e-01   2.336849259347862695e+00
7.640846082015252394e-01   1.999074299283734035e+00   2.098729266795967163e+00   1.019556757613394815e+01   8.562783560144245243e+00   1.960728801369743812e-01   2.423511434408742726e+00
7.660259203347760115e-01   2.012845240319506956e+00   2.116729526441192721e+00   1.036747489210709716e+01   8.715268587670930600e+00   1.941499990370764150e-01   2.511188487138625636e+00
7.679672324680267836e-01   2.025362653031265836e+00   2.133049853581438615e+00   1.053481508858566684e+01   8.862828680338800780e+00   1.922542195568026080e-01   2.600100936514059491e+00
7.699085446012775558e-01   2.036758292158538097e+00   2.147870085518047034e+00   1.069792954056676137e+01   9.006455836436289886e+00   1.903880825196230808e-01   2.690433859432209918e+00
7.718498567345283279e-01   2.047137737574189487e+00   2.161334743884571363e+00   1.085674871205612746e+01   9.146882594096977570e+00   1.885590052665489236e-01   2.782342938998957127e+00
7.737911688677791000e-01   2.056587175413483237e+00   2.173562164970342270e+00   1.101073031897837851e+01   9.284649938519558887e+00   1.867802694130739627e-01   2.875967553097233509e+00
7.757324810010298721e-01   2.065178067310625920e+00   2.184650789488419509e+00   1.116787591233058485e+01   9.420153735463852485e+00   1.849212942123074910e-01   2.971428073400994574e+00
7.776737931342806442e-01   2.072970461589420665e+00   2.194683624518173559e+00   1.132135538440193123e+01   9.553663518775175945e+00   1.831026755370182002e-01   3.068839255244536268e+00
7.796151052675314164e-01   2.080015399972353407e+00   2.203731489029479906e+00   1.146982471546487226e+01   9.685346016375753209e+00   1.813467469269908761e-01   3.168304942480029140e+00
7.815564174007821885e-01   2.086356706552919604e+00   2.211855426185334927e+00   1.161769938876327934e+01   9.815269303348369334e+00   1.795843253244147897e-01   3.269926588892508867e+00
7.834977295340329606e-01   2.092032340718674277e+00   2.219108530466531004e+00   1.176748792479274996e+01   9.943400321127933594e+00   1.777807085156213884e-01   3.373799969554475364e+00
7.854390416672837327e-01   2.097075439791638019e+00   2.225537354743945428e+00   1.191067538344134391e+01   1.006961598540584824e+01   1.760668788528204631e-01   3.480018272874737306e+00
7.873803538005345048e-01   2.101515132571762479e+00   2.231183009972802278e+00   1.205664796178933251e+01   1.019501629578454072e+01   1.743034331956952732e-01   3.588671380186064575e+00
7.893216659337852770e-01   2.105377184119902267e+00   2.236082036003875562e+00   1.220164480263243334e+01   1.032113733937821642e+01   1.725486373497513715e-01   3.699852580811162195e+00
7.912629780670360491e-01   2.108684510968259929e+00   2.240267099375343740e+00   1.234034618763515034e+01   1.044544316364450687e+01   1.708772573237152259e-01   3.813650425736859084e+00
7.932042902002868212e-01   2.111457599361415305e+00   2.243767558474704771e+00   1.248738382427107041e+01   1.056748671048826438e+01   1.690872667225529202e-01   3.930155002254501984e+00
7.951456023335375933e-01   2.113714846428251803e+00   2.246609925731974933e+00   1.262365037222505215e+01   1.069008471379871850e+01   1.674408577632118811e-01   4.049458523235378138e+00
7.970869144667883655e-01   2.115472841457176401e+00   2.248818248961776955e+00   1.277000919466652462e+01   1.081325429504721214e+01   1.656594611020888730e-01   4.171650691558437707e+00
7.990282266000391376e-01   2.116746600260285049e+00   2.250414428575988168e+00   1.290664910476379923e+01   1.093365386914004134e+01   1.640043502444799017e-01   4.296826399241961525e+00
8.009695387332899097e-01   2.117549760857514229e+00   2.251418483401612214e+00   1.305107791383713156e+01   1.105451967613915443e+01   1.622509477636653041e-01   4.425078761978162412e+00
8.029108508665406818e-01   2.117894748854268983e+00   2.251848774985834911e+00   1.318755095842807989e+01   1.117650099753715409e+01   1.605980333672747673e-01   4.556504990889728823e+00
8.048521629997914539e-01   2.117792917806468722e+00   2.251722198050307266e+00   1.333142118672363630e+01   1.129472194783428662e+01   1.588572507119882515e-01   4.691205685055943597e+00
8.067934751330422261e-01   2.117254668587293054e+00   2.251054343187540496e+00   1.346637470682410864e+01   1.141671176221961836e+01   1.572252900043224488e-01   4.829279330012240301e+00
7.742036778867881219e-01   2.058482301292428929e+00   2.176010651065995560e+00   1.104600648109525984e+01   9.312792536971560509e+00   1.863553407120870642e-01   2.896094427602429189e+00
7.759067521950463453e-01   2.065909396755955640e+00   2.185593440683727184e+00   1.118094580885882294e+01   9.431843492077135238e+00   1.847705401737217978e-01   2.980091059530691755e+00
7.776098265033045687e-01   2.072725868006841665e+00   2.194369093184967756e+00   1.131636314619514749e+01   9.549388519353458449e+00   1.831618375293784517e-01   3.065596300637319249e+00
7.793129008115627920e-01   2.078965989706034634e+00   2.202385169785011421e+00   1.144500059619448429e+01   9.665118839537413464e+00   1.816483950553310078e-01   3.152681802595088456e+00
7.810159751198210154e-01   2.084659740286952001e+00   2.209683413666328811e+00   1.157843727731827244e+01   9.778861386984477377e+00   1.800467274086048619e-01   3.241414370777151888e+00
7.827190494280792388e-01   2.089833521150580964e+00   2.216300719715108780e+00   1.170748117095346963e+01   9.890410269361600726e+00   1.785041112289384724e-01   3.331858647285014463e+00
7.844221237363374621e-01   2.094510726424573477e+00   2.222269904314583933e+00   1.183489072378952045e+01   1.000385152797527688e+01   1.769776143529877277e-01   3.424079418105061112e+00
7.861251980445956855e-01   2.098712200564818886e+00   2.227620323559988513e+00   1.196435329058496144e+01   1.011524307798035416e+01   1.754137603255452316e-01   3.518138281957950753e+00
7.878282723528539089e-01   2.102456609850264613e+00   2.232378374943159827e+00   1.208786826638439393e+01   1.022411000494714450e+01   1.739311319016492718e-01   3.614096767622466011e+00
7.895313466611121322e-01   2.105760746312171250e+00   2.236567908363833457e+00   1.221743657177882092e+01   1.033424091603592210e+01   1.723570025463679600e-01   3.712016120899420457e+00
7.912344209693703556e-01   2.108639778636074880e+00   2.240210565797319475e+00   1.233842188690225328e+01   1.044361009204334678e+01   1.709002818970296045e-01   3.811957058085440053e+00
7.929374952776285790e-01   2.111107461395477003e+00   2.243326064258279295e+00   1.246774168376047065e+01   1.054980108100758684e+01   1.693255695331933874e-01   3.913979826693424702e+00
7.946405695858868024e-01   2.113176310352514520e+00   2.245932433229406833e+00   1.258788421359846232e+01   1.065917647942606372e+01   1.678738280790419701e-01   4.018146681879644966e+00
7.963436438941450257e-01   2.114857750827809468e+00   2.248046215268536319e+00   1.271598165444955342e+01   1.076606332010293343e+01   1.663149419602836798e-01   4.124519534689507161e+00
7.980467182024032491e-01   2.116162242924929160e+00   2.249682636538269609e+00   1.283637581110054171e+01   1.087202926722833141e+01   1.648566755964663011e-01   4.233159027148650111e+00
7.997497925106614725e-01   2.117099389506620355e+00   2.250855752642766383e+00   1.296227549654545363e+01   1.097973011311673375e+01   1.633277575430983342e-01   4.344131259197910211e+00
8.014528668189196958e-01   2.117678028632667520e+00   2.251578573986274368e+00   1.308456468020598074e+01   1.108314115162851721e+01   1.618455088411340503e-01   4.457498921321342067e+00
8.031559411271779192e-01   2.117906313092930759e+00   2.251863174120632305e+00   1.320662262590413505e+01   1.119170176331257593e+01   1.603669895843591875e-01   4.573328869222592630e+00
8.048590154354361426e-01   2.117791779556455367e+00   2.251720783773870416e+00   1.333190115062296144e+01   1.129516994201112112e+01   1.588514462888510892e-01   4.691686955310474971e+00
8.065620897436943659e-01   2.117341409359823956e+00   2.251161872876456194e+00   1.344792323292247360e+01   1.140267018583146097e+01   1.574474640200402009e-01   4.812642520641203348e+00
8.082651640519525893e-01   2.116561681052075983e+00   2.250196222361682263e+00   1.357811766767581929e+01   1.150640683316338020e+01   1.558803460726209955e-01   4.936265199722759789e+00
8.099682383602108127e-01   2.115458616553155480e+00   2.248832987293246877e+00   1.369633900266555138e+01   1.161319769031350724e+01   1.544543119253582730e-01   5.062627599481366758e+00
8.116713126684690360e-01   2.114037822361638064e+00   2.247080752545658644e+00   1.382207920120442424e+01   1.171692350730932830e+01   1.529464410953039200e-01   5.191802623413283690e+00
8.133743869767272594e-01   2.112304525638023733e+00   2.244947582116924689e+00   1.394597179332795278e+01   1.182369600818627298e+01   1.514634158839038292e-01   5.323866701644077715e+00
8.150774612849854828e-01   2.110263606136868475e+00   2.242441062904202198e+00   1.406179095984504102e+01   1.192704874528026338e+01   1.500707564323032206e-01   5.458896756688640828e+00
8.167805355932437061e-01   2.107919625198178437e+00   2.239568343725138799e+00   1.419361777535239177e+01   1.203447018648143718e+01   1.485117930157763555e-01   5.596972971860919799e+00
8.184836099015019295e-01   2.105276850817176637e+00   2.236336170163566450e+00   1.431360443437752927e+01   1.213690982455361045e+01   1.470822293901634659e-01   5.738178800715230565e+00
8.201866842097601529e-01   2.102339280598130244e+00   2.232750915798653146e+00   1.443701521148128286e+01   1.224567957941385110e+01   1.456214632873842896e-01   5.882598605605122266e+00
8.218897585180183762e-01   2.099110662481734835e+00   2.228818610255519861e+00   1.456568880631938434e+01   1.234766091256220477e+01   1.441133811379401997e-01   6.030319093423271326e+00
8.235928328262765996e-01   2.095594512929210396e+00   2.224544964454977514e+00   1.468307712497941253e+01   1.245738005760814637e+01   1.427217534234772045e-01   6.181432245498108990e+00
8.252959071345348230e-01   2.091794133649727883e+00   2.219935393414287805e+00   1.481275758793855246e+01   1.256130881854130266e+01   1.412157136327535645e-01   6.336030258132011816e+00
8.269989814427930463e-01   2.087712626546021966e+00   2.214995036848417254e+00   1.494057783067117562e+01   1.266943181286662501e+01   1.397343965010646172e-01   6.494209705295180157e+00
8.287020557510512697e-01   2.083352907233916085e+00   2.209728777865239913e+00   1.505733198268508310e+01   1.277604249150872562e+01   1.383613584152645071e-01   6.656070345133940691e+00
8.304051300593094931e-01   2.078717717773315599e+00   2.204141259918392937e+00   1.519166895538912065e+01   1.288157435162021258e+01   1.368327419375411913e-01   6.821715638621185462e+00
8.321082043675677165e-01   2.073809637352951540e+00   2.198236902244147473e+00   1.531979625808943446e+01   1.299164732734944039e+01   1.353679645875121296e-01   6.991251544427120379e+00
8.338112786758259398e-01   2.068631092689088291e+00   2.192019913914564633e+00   1.543698984898385085e+01   1.309511472374339647e+01   1.340048230209374136e-01   7.164789892161690155e+00
8.355143529840841632e-01   2.063184367392409513e+00   2.185494306675169973e+00   1.557443985872314585e+01   1.320769770752286831e+01   1.324724603971444148e-01   7.342444384244577904e+00
8.372174272923423866e-01   2.057471610256925487e+00   2.178663906657439142e+00   1.570515864396311656e+01   1.331521694396279365e+01   1.310061016828883707e-01   7.524332420584225467e+00
8.389205016006006099e-01   2.051494843064006091e+00   2.171532365116639607e+00   1.582475456357894039e+01   1.342357326651085003e+01   1.296383356103084084e-01   7.710579500193258440e+00
8.406235759088588333e-01   2.045255967705315925e+00   2.164103168263770360e+00   1.596266623204131108e+01   1.353608002659986731e+01   1.281274655483269909e-01   7.901312433482549302e+00
8.423266502171170567e-01   2.038756772518013349e+00   2.156379646260560445e+00   1.609715594396397265e+01   1.364197314424836271e+01   1.266532286582273958e-01   8.096665109363442525e+00
8.440297245253752800e-01   2.031998938383821951e+00   2.148364981518608996e+00   1.622026756285106330e+01   1.375687969048766668e+01   1.252753032901668118e-01   8.296772328589760548e+00
8.457327988336335034e-01   2.024984043842891879e+00   2.140062216268336925e+00   1.635581467429241442e+01   1.386841726965438149e+01   1.238082042483461126e-01   8.501782085800273947e+00
8.474358731418917268e-01   2.017713570407181578e+00   2.131474259575112828e+00   1.649681005331416728e+01   1.397648515953600068e+01   1.223093170065220059e-01   8.711838342769235410e+00
8.491389474501499501e-01   2.010188906742541803e+00   2.122603893739498648e+00   1.662579746397546288e+01   1.409488022202414470e+01   1.209078187736973287e-01   8.927100961386376099e+00
8.508420217584081735e-01   2.002411353130014504e+00   2.113453780211936639e+00   1.675498020542547906e+01   1.420633644435121568e+01   1.195114126414549838e-01   9.147728509056994639e+00
8.525450960666663969e-01   1.994382125231936698e+00   2.104026465028785875e+00   1.690397642566963299e+01   1.431991509158030595e+01   1.179830162448260444e-01   9.373890331438257562e+00
8.542481703749246202e-01   1.986102357347931502e+00   2.094324383805153733e+00   1.704025469955638883e+01   1.443904865861035525e+01   1.165535605168880467e-01   9.605764282626060080e+00
8.559512446831828436e-01   1.977573105659416797e+00   2.084349866320454048e+00   1.716524088974228235e+01   1.455134176166495585e+01   1.152080019361212820e-01   9.843529289413302408e+00
8.576543189914410670e-01   1.968795351312792263e+00   2.074105140745802434e+00   1.731782565621767134e+01   1.467007010430151936e+01   1.136860591159681577e-01   1.008737925080566278e+01
8.593573932996992903e-01   1.959770002998993732e+00   2.063592337496427120e+00   1.746469467219978000e+01   1.479091339648504011e+01   1.122132416158724277e-01   1.033751450654060555e+01
8.605738749484551642e-01   1.953172204570250869e+00   2.055920194694805581e+00   1.756193982861054081e+01   1.487298918618314758e+01   1.112161995560590200e-01   1.052014352862348190e+01
8.617903565972110380e-01   1.946448796155323180e+00   2.048113031856756638e+00   1.765338782048263866e+01   1.495421938552442498e+01   1.102592213998110499e-01   1.070616509010917383e+01
8.630068382459669118e-01   1.939600044435223714e+00   2.040171539373464071e+00   1.776168618678947908e+01   1.504635869537920279e+01   1.092013463157473496e-01   1.089565870303128925e+01
8.642233198947227857e-01   1.932626199405945044e+00   2.032096385033454133e+00   1.787561919276306810e+01   1.513462385825462775e+01   1.081152030911671780e-01   1.108870876258652238e+01
8.654398015434786595e-01   1.925527494315815602e+00   2.023888214507398420e+00   1.798250544497554060e+01   1.521930145063193329e+01   1.070778207301376767e-01   1.128540355166841103e+01
8.663087170068757281e-01   1.920380666512869539e+00   2.017944143581120731e+00   1.805485779227918286e+01   1.527773780810104221e+01   1.063636550676175380e-01   1.142818152092084460e+01
8.671776324702727967e-01   1.915170319371213736e+00   2.011932746818219986e+00   1.812410225694283383e+01   1.534167544551727147e+01   1.056698032388095759e-01   1.157289721189984277e+01
8.680465479336698653e-01   1.909896522802796426e+00   2.005854239509636816e+00   1.819042141865500994e+01   1.540925862535065960e+01   1.049946276035210874e-01   1.171958641404124002e+01
8.689154633970669339e-01   1.904559342477568862e+00   1.999708831555094157e+00   1.826984756863960513e+01   1.547480031552514035e+01   1.042460444906374573e-01   1.186828467580061819e+01
