# freq   mass   ang   radius99   radius95   compactness   kappa
7.439060021935107736e-01   1.575933509903734597e+00   1.546266307849035071e+00   7.058207975277579038e+00   5.739213673427525642e+00   2.232767177481416732e-01   1.397109422887988339e+00
7.438523978510266366e-01   1.580726861858011034e+00   1.552710019565671118e+00   7.084576294667087382e+00   5.763123264166991611e+00   2.231222865152715784e-01   1.402495902025510333e+00
7.438050398568628596e-01   1.585519888460339644e+00   1.559153731298178025e+00   7.110598624893939679e+00   5.787006000965273955e+00   2.229798041067166670e-01   1.407965894662824180e+00
7.437639287794913789e-01   1.590312629951654344e+00   1.565597442938904571e+00   7.136280739419002650e+00   5.811404775865221417e+00   2.228489444322406254e-01   1.413525291599590616e+00
7.437290667532245880e-01   1.595105126723637801e+00   1.572041154647807693e+00   7.162077181812134263e+00   5.835557189337666095e+00   2.227154338373169840e-01   1.419173933250258646e+00
7.437092987836068092e-01   1.598300008572095976e+00   1.576336962598331892e+00   7.180106270866432716e+00   5.851790828822357682e+00   2.226011633083011532e-01   1.422987668980557840e+00
7.436923112725374319e-01   1.601494811353859182e+00   1.580632770424241551e+00   7.197971694847787205e+00   5.868313974129235611e+00   2.224925130645051263e-01   1.426844814805659833e+00
7.436781060176896885e-01   1.604689547140537798e+00   1.584928578214370498e+00   7.215675390304864933e+00   5.884723898704707246e+00   2.223893759545548243e-01   1.430742786514009213e+00
7.436666851128298505e-01   1.607884227832869328e+00   1.589224386069604034e+00   7.233219306438049223e+00   5.901022498384768333e+00   2.222916463215410532e-01   1.434681108805145655e+00
8.805633361965715666e-01   1.783501861940635536e+00   1.864825942860994790e+00   1.898732521658735450e+01   1.601523845693247239e+01   9.393117996328233243e-02   1.383595566535604782e+01
8.825046483298223388e-01   1.769955655339686018e+00   1.849459391671791630e+00   1.916810866349431564e+01   1.617946693366248567e+01   9.233856539589471724e-02   1.423833135659174509e+01
8.844459604630731109e-01   1.756107895577883937e+00   1.833785281141175005e+00   1.933413019527433718e+01   1.633387887121638116e+01   9.082942329658631742e-02   1.465422100252227189e+01
8.863872725963238830e-01   1.741958380467280909e+00   1.817804731551406316e+00   1.955411801498677349e+01   1.648661993058994213e+01   8.908396579851875219e-02   1.508425510572036110e+01
8.883285847295746551e-01   1.727506810761269662e+00   1.801518746689138029e+00   1.975242467286504677e+01   1.665687203281469309e+01   8.745796221840235196e-02   1.552910344173008284e+01
8.902698968628254272e-01   1.712752788658349568e+00   1.784928212682389770e+00   1.993185300784417890e+01   1.681633336707763959e+01   8.593043446508941141e-02   1.598948438342240941e+01
8.922112089960761994e-01   1.697695815011456943e+00   1.768033896349984646e+00   2.014810777834739142e+01   1.698211179560963302e+01   8.426080670642049908e-02   1.646616345509418622e+01
8.941525211293269715e-01   1.682335286681222897e+00   1.750836443048094049e+00   2.036670638672021028e+01   1.715919155108440108e+01   8.260222613992036778e-02   1.695995923143903283e+01
8.960938332625777436e-01   1.666670493264405417e+00   1.733336373941829489e+00   2.056416683489924324e+01   1.732513003129215079e+01   8.104731432327788587e-02   1.747175150489198714e+01
8.980351453958285157e-01   1.650700612770492626e+00   1.715534082706059227e+00   2.076849781236635906e+01   1.750501402393434702e+01   7.948098257677559120e-02   1.800247787862145898e+01
8.999764575290792878e-01   1.634424707640050656e+00   1.697429831602101258e+00   2.101532242256758565e+01   1.769071010304305247e+01   7.777300175441999308e-02   1.855315454829481681e+01
9.019177696623300600e-01   1.617841718967724773e+00   1.679023746834928943e+00   2.123738563671466295e+01   1.786486863198468455e+01   7.617894907793359982e-02   1.912486721087766028e+01
9.038590817955808321e-01   1.600950461150773663e+00   1.660315813200791135e+00   2.143800611107630516e+01   1.806062059843840117e+01   7.467814184098101049e-02   1.971878910356574011e+01
9.058003939288316042e-01   1.583749614711678078e+00   1.641305867885973990e+00   2.170229816730400429e+01   1.825690004440727421e+01   7.297612457917959650e-02   2.033618343186907040e+01
9.077417060620823763e-01   1.566237719179412125e+00   1.621993593360901542e+00   2.195294512387913954e+01   1.844100078736071069e+01   7.134522089593116345e-02   2.097842182452838955e+01
9.096830181953331484e-01   1.548413164174803569e+00   1.602378509291574105e+00   2.217878845950634670e+01   1.865478952553371528e+01   6.981504724669113093e-02   2.164698579391147959e+01
9.116243303285839206e-01   1.530274179637899579e+00   1.582459963310101747e+00   2.242932055395061397e+01   1.886393988868785243e+01   6.822650628034129805e-02   2.234348242608911761e+01
9.135656424618346927e-01   1.511818825490877316e+00   1.562237120536045465e+00   2.271941319210557353e+01   1.906022341005557408e+01   6.654304020564212607e-02   2.306965773150207610e+01
9.155069545950854648e-01   1.493044978773355069e+00   1.541708951712985387e+00   2.297932822366118089e+01   1.929538351507100202e+01   6.497339540309138295e-02   2.382741677600234098e+01
9.174482667283362369e-01   1.473950320171866224e+00   1.520874219727486265e+00   2.321334108794608397e+01   1.951989829175787960e+01   6.349582830785352461e-02   2.461883324726557376e+01
9.193895788615870091e-01   1.454532318202950592e+00   1.499731464353919241e+00   2.354436026781706914e+01   1.973121694889458055e+01   6.177837501880056176e-02   2.544618272136549209e+01
9.213308909948377812e-01   1.434788211672411995e+00   1.478278984963063536e+00   2.384388836526159849e+01   1.999145899540924987e+01   6.017425470598870840e-02   2.631195326073175877e+01
9.232722031280885533e-01   1.414714989415301716e+00   1.456514820871967819e+00   2.411254436655372402e+01   2.023435348913247367e+01   5.867132758406197468e-02   2.721888106212455938e+01
9.252135152613393254e-01   1.394309368232939272e+00   1.434436729038367941e+00   2.443588271084186303e+01   2.047183059276202144e+01   5.705991409159544975e-02   2.816998075941106450e+01
9.271548273945900975e-01   1.373567766341807328e+00   1.412042158705653971e+00   2.478988596767712238e+01   2.075548249707183146e+01   5.540839389631586204e-02   2.916857658142120968e+01
9.290961395278408697e-01   1.352486275098158330e+00   1.389328222436316818e+00   2.510496818803229857e+01   2.101996428968324437e+01   5.387325189851852741e-02   3.021835509349242344e+01
9.310374516610916418e-01   1.331060624912652202e+00   1.366291663097671361e+00   2.541730967309789690e+01   2.129124649638198719e+01   5.236827351249802309e-02   3.132340660770372409e+01
9.329787637943424139e-01   1.309286147532361611e+00   1.342928816007688209e+00   2.583364797058778706e+01   2.160235809223398817e+01   5.068142714582991176e-02   3.248829193642134072e+01
9.349200759275931860e-01   1.287157731954039264e+00   1.319235565497765661e+00   2.620219820220227191e+01   2.189244337182404365e+01   4.912403615990718064e-02   3.371809920617891976e+01
9.368613880608439581e-01   1.264669774478534237e+00   1.295207294893331085e+00   2.653058029588854083e+01   2.220956434596276807e+01   4.766837967258940462e-02   3.501854025488360378e+01
9.388027001940947303e-01   1.241816120323619543e+00   1.270838828719822899e+00   2.700050697408416411e+01   2.255279675521565608e+01   4.599232605208299074e-02   3.639603792242235869e+01
9.407440123273455024e-01   1.218589996532386976e+00   1.246124365727839134e+00   2.744147425063653145e+01   2.287252758625558968e+01   4.440687061498237859e-02   3.785784633518630216e+01
9.426853244605962745e-01   1.194983933561957201e+00   1.221057400919907332e+00   2.783040966765684843e+01   2.325180893744438038e+01   4.293806479430697931e-02   3.941219155433402932e+01
9.446266365938470466e-01   1.170989673898134242e+00   1.195630634488171307e+00   2.833538004418108969e+01   2.363237791270871568e+01   4.132606204936386390e-02   4.106844066564529783e+01
9.465679487270978187e-01   1.146598064826207519e+00   1.169835864908872258e+00   2.885656849974310489e+01   2.399440260430375460e+01   3.973438715821027423e-02   4.283730701965324528e+01
9.485092608603485909e-01   1.121798932065416921e+00   1.143663862887799532e+00   2.931318711089885909e+01   2.445297920227631394e+01   3.826942897138345401e-02   4.473111061781040121e+01
9.504505729935993630e-01   1.096580929800552440e+00   1.117104221959648980e+00   2.988548705332685529e+01   2.487629681354530931e+01   3.669275751952253556e-02   4.676408329349012405e+01
9.523918851268501351e-01   1.070931361915882007e+00   1.090145180400308389e+00   3.051427669225032702e+01   2.534533642457569158e+01   3.509607560804038628e-02   4.895276349838482588e+01
9.543331972601009072e-01   1.044835968533675441e+00   1.062773407727675590e+00   3.105761163755528642e+01   2.585684173109459394e+01   3.364186469735636759e-02   5.131648334545950974e+01
9.562745093933516793e-01   1.018278666903938756e+00   1.034973746996091570e+00   3.175433185548280690e+01   2.632983310843083657e+01   3.206739387678596287e-02   5.387799149271695853e+01
9.582158215266024515e-01   9.912412379617306923e-01   1.006728901640846052e+00   3.249222223578835411e+01   2.695328690750756451e+01   3.050703121407111196e-02   5.666424719147855882e+01
9.601571336598532236e-01   9.637029414672042549e-01   9.780190519366808166e-01   3.312484878466495530e+01   2.752393210184148487e+01   2.909305179721597551e-02   5.970743686682554596e+01
9.620984457931039957e-01   9.356400414350218853e-01   9.488213813052170931e-01   3.404874135588767103e+01   2.819916987363321326e+01   2.747943107956418371e-02   6.304632067581078303e+01
9.640397579263547678e-01   9.070252139307513062e-01   9.191094859497463965e-01   3.492280794392928556e+01   2.889433838559477863e+01   2.597228766332409719e-02   6.672800901099444104e+01
9.659810700596055399e-01   8.778268022108478563e-01   8.888526315551793511e-01   3.575832232791838550e+01   2.965020808772991501e+01   2.454888107335737035e-02   7.081033480727502649e+01
9.679223821928563121e-01   8.480078677210940441e-01   8.580148069468651606e-01   3.695796855365986744e+01   3.050059750152823668e+01   2.294519696042973331e-02   7.536510755134830220e+01
9.698636943261070842e-01   8.175249672921154342e-01   8.265535042163296708e-01   3.794438826031935719e+01   3.138407418447059172e+01   2.154534582777946003e-02   8.048260431974765083e+01
9.718050064593578563e-01   7.863265545861395367e-01   7.944181241777921176e-01   3.935427170987890122e+01   3.242759118231666804e+01   1.998071671565839272e-02   8.627794131655075205e+01
9.737463185926086284e-01   7.543508573536428230e-01   7.615478593218398817e-01   4.071026861468221369e+01   3.352785954817129976e+01   1.852974404304434664e-02   9.290023724371550884e+01
9.756876307258594005e-01   7.215230099523068930e-01   7.278688326551354670e-01   4.231611086671873068e+01   3.480389126071763428e+01   1.705078739926874434e-02   1.005462234337707628e+02
9.776289428591101727e-01   6.877510971488618452e-01   6.932901515614013910e-01   4.411905903729176970e+01   3.625842593000847813e+01   1.558852596034603251e-02   1.094808598237716240e+02
9.795702549923609448e-01   6.529205695904920503e-01   6.576983359955707042e-01   4.616730682111636241e+01   3.781050489617158661e+01   1.414248771582781936e-02   1.200698044981015897e+02
9.809569065161115597e-01   6.273145486794646786e-01   6.315770074686950508e-01   4.797869307779504311e+01   3.926151297819284025e+01   1.307485695081993249e-02   1.289254185125686547e+02
9.823435580398621747e-01   6.010295603418853716e-01   6.048009306278555597e-01   4.942668560558669100e+01   4.067781036515315662e+01   1.216002151424758031e-02   1.391445029136096139e+02
9.837302095636127897e-01   5.739857604995677320e-01   5.772907263966889913e-01   5.208401684383218111e+01   4.246127255474346640e+01   1.102038197669347880e-02   1.510750463154069791e+02
9.851168610873634046e-01   5.460845790718167336e-01   5.489483188700999827e-01   5.421462369821816196e+01   4.431968237579101810e+01   1.007264353823716582e-02   1.651950388913100767e+02
9.865035126111140196e-01   5.172022688921060762e-01   5.196504798239436340e-01   5.741553096950974577e+01   4.672883302286812324e+01   9.008055140459539020e-03   1.821798041249359130e+02
9.874939779852215382e-01   4.958853309253754560e-01   4.980527555519961846e-01   5.983348685450375370e+01   4.848506504329328948e+01   8.287755853694650510e-03   1.965950970239631772e+02
9.884844433593290569e-01   4.739156895362839350e-01   4.758158637312294714e-01   6.174015963623350700e+01   5.062547077642503979e+01   7.675971237012426361e-03   2.134729510331579263e+02
9.894749087334365756e-01   4.512044338599707771e-01   4.528509767846634060e-01   6.582801030993033464e+01   5.315025790093255154e+01   6.854292446872047723e-03   2.335161396472765887e+02
9.904653741075440943e-01   4.276403775255630535e-01   4.290467907283508908e-01   6.902292126383036930e+01   5.581202500492782548e+01   6.195628491164088467e-03   2.577289412243628703e+02
7.438949620157172538e-01   1.661578666152308870e+00   1.661421868418336389e+00   7.544136060355657314e+00   6.187519458095855462e+00   2.202477066769626124e-01   1.507741999020051349e+00
7.446714868690175182e-01   1.704900676566694528e+00   1.719631612073078131e+00   7.812582103090128349e+00   6.434112715446926423e+00   2.182249932314120899e-01   1.577647628188667106e+00
7.466127990022682903e-01   1.763342898538098780e+00   1.798019209494329473e+00   8.208157468434912118e+00   6.792722353991627493e+00   2.148281030571315142e-01   1.691933576364522462e+00
7.485541111355190624e-01   1.802675084878615275e+00   1.850634743004466953e+00   8.498788745258346822e+00   7.055475098206054341e+00   2.121096474935167397e-01   1.785598194944981953e+00
7.504954232687698346e-01   1.833748581448617188e+00   1.892094027897189168e+00   8.746500266107760879e+00   7.277561091434131768e+00   2.096551221240224305e-01   1.872011072578632307e+00
7.524367354020206067e-01   1.859808956950132597e+00   1.926774508816645026e+00   8.967535661771789179e+00   7.476689921069083589e+00   2.073935389940423091e-01   1.955071599186649633e+00
7.543780475352713788e-01   1.882361721249935727e+00   1.956709661887325424e+00   9.173998145693397888e+00   7.659749818801000032e+00   2.051844453591462059e-01   2.036563059309198120e+00
7.563193596685221509e-01   1.902253730954498678e+00   1.983045146270546732e+00   9.365985084017310669e+00   7.832203350206065728e+00   2.031023660501681538e-01   2.117477266319464313e+00
7.582606718017729230e-01   1.920018364685915913e+00   2.006503805383847538e+00   9.547943355526385290e+00   7.995357367463689968e+00   2.010923497545261673e-01   2.198443735390847475e+00
7.602019839350236952e-01   1.936017792765255985e+00   2.027577409038763268e+00   9.724749794946488279e+00   8.151257817521459614e+00   1.990815016928575987e-01   2.279892219278448540e+00
7.621432960682744673e-01   1.950511540388106368e+00   2.046619099917196483e+00   9.894854808583740891e+00   8.301429687312284145e+00   1.971238161772769781e-01   2.362135172490626100e+00
7.640846082015252394e-01   1.963693277630795819e+00   2.063893019855770561e+00   1.005946465914567689e+01   8.447617821279179040e+00   1.952085269115669819e-01   2.445418593690462661e+00
7.660259203347760115e-01   1.975712181333960649e+00   2.079603138610634172e+00   1.021907377943735895e+01   8.589232655585956167e+00   1.933357390284679567e-01   2.529938572035205446e+00
7.679672324680267836e-01   1.986686116210989894e+00   2.093911049972727589e+00   1.037726176249323906e+01   8.727195387087025580e+00   1.914460829533579378e-01   2.615856909581298240e+00
7.699085446012775558e-01   1.996710170403844131e+00   2.106947501106843035e+00   1.053261467750798097e+01   8.862197030567141809e+00   1.895740261596910725e-01   2.703314045091068873e+00
7.718498567345283279e-01   2.005862404769914065e+00   2.118820162043074884e+00   1.068480996506318981e+01   8.994757559990237183e+00   1.877302835828256466e-01   2.792433020408497057e+00
7.737911688677791000e-01   2.014207854771711936e+00   2.129619035873478339e+00   1.083334346571283824e+01   9.125268911172540243e+00   1.859267050053947656e-01   2.883328565766093199e+00
7.757324810010298721e-01   2.021801393527653090e+00   2.139420331954140053e+00   1.097741371299424173e+01   9.254010343194728705e+00   1.841782997696803370e-01   2.976102843940352294e+00
7.776737931342806442e-01   2.028689830149460249e+00   2.148289305383385361e+00   1.112525312689814605e+01   9.381175069363695940e+00   1.823499930302334981e-01   3.070852254657726821e+00
7.796151052675314164e-01   2.034913479070269204e+00   2.156282381971064588e+00   1.127016874123677326e+01   9.506868790658790758e+00   1.805574988087499111e-01   3.167669241261360291e+00
7.815564174007821885e-01   2.040507355773684139e+00   2.163448777381142385e+00   1.140978742690345982e+01   9.631119218054353226e+00   1.788383323393312463e-01   3.266644425411195041e+00
7.834977295340329606e-01   2.045502101265924466e+00   2.169831750671788129e+00   1.155260250354233520e+01   9.753876298578601833e+00   1.770598530191546949e-01   3.367864352874823997e+00
7.854390416672837327e-01   2.049924707657396539e+00   2.175469588603303972e+00   1.169407072525144109e+01   9.874996530157774899e+00   1.752960757481069332e-01   3.471415028581644524e+00
7.873803538005345048e-01   2.053799095649083029e+00   2.180396388394238993e+00   1.182827226906472617e+01   9.994840701127426286e+00   1.736347497698815801e-01   3.577378203183196437e+00
7.893216659337852770e-01   2.057146578437482276e+00   2.184642687338988143e+00   1.197209066941165645e+01   1.011620083189694164e+01   1.718285164422811984e-01   3.685842933435387270e+00
7.912629780670360491e-01   2.059986237554312538e+00   2.188235974511200332e+00   1.210799346313689817e+01   1.023599362003477076e+01   1.701344028493238236e-01   3.796890463294757989e+00
7.932042902002868212e-01   2.062335232933378393e+00   2.191201110553422815e+00   1.224625368194432973e+01   1.035381752468923544e+01   1.684053986219516963e-01   3.910607674781294563e+00
7.951456023335375933e-01   2.064209057401058089e+00   2.193560675029065710e+00   1.238382733774520261e+01   1.047149553953457968e+01   1.666858719121079857e-01   4.027081274115919207e+00
7.970869144667883655e-01   2.065621750010109281e+00   2.195335256116810463e+00   1.251854947306874699e+01   1.059062265923200563e+01   1.650048797150099056e-01   4.146396133768281977e+00
7.990282266000391376e-01   2.066586074867586831e+00   2.196543693955565146e+00   1.265749216309300706e+01   1.070732850033103034e+01   1.632697890102894067e-01   4.268645905615952252e+00
8.009695387332899097e-01   2.067113672030814087e+00   2.197203286441371084e+00   1.278998818534659421e+01   1.082353233531745929e+01   1.616196701728851159e-01   4.393919828717463005e+00
8.029108508665406818e-01   2.067215185548661793e+00   2.197329964325879015e+00   1.292989273864609956e+01   1.094196646794445726e+01   1.598787574911562370e-01   4.522309296467744488e+00
8.048521629997914539e-01   2.066900374282909070e+00   2.196938441091283778e+00   1.306198104509219426e+01   1.105712015182803221e+01   1.582378941714595311e-01   4.653912748072120742e+00
8.067934751330422261e-01   2.066178205488881758e+00   2.196042341866443870e+00   1.320188809201989244e+01   1.117441558589966277e+01   1.565062657013293890e-01   4.788827607531726649e+00
8.087347872662929982e-01   2.065056936848804980e+00   2.194654314911327564e+00   1.333467397936999177e+01   1.129140450394923256e+01   1.548636989583430656e-01   4.927153035941987724e+00
8.106760993995437703e-01   2.063544186871581587e+00   2.192786128461999162e+00   1.347362421733434168e+01   1.140579543696885878e+01   1.531543520574628892e-01   5.068995398234880767e+00
8.126174115327945424e-01   2.061646997287311933e+00   2.190448755205407494e+00   1.360895152995771618e+01   1.152473743680561036e+01   1.514919788456118854e-01   5.214460630452857792e+00
8.145587236660453145e-01   2.059371886483745584e+00   2.187652446283846697e+00   1.374530770378598632e+01   1.163859402504390950e+01   1.498236293332680658e-01   5.363658987915274068e+00
8.165000357992960867e-01   2.056724897200297164e+00   2.184406796371656689e+00   1.388432562736788434e+01   1.175797924846345488e+01   1.481328623657611476e-01   5.516706703291050395e+00
8.184413479325468588e-01   2.053711638345248502e+00   2.180720801086563743e+00   1.401592990353630519e+01   1.187334852354674197e+01   1.465269627116988216e-01   5.673720249025169693e+00
8.203826600657976309e-01   2.050337322066184242e+00   2.176602907824609634e+00   1.416085075785898439e+01   1.199187738045008089e+01   1.447891342918283808e-01   5.834822295790693225e+00
8.223239721990484030e-01   2.046606796613900769e+00   2.172061060916418374e+00   1.429146178425400393e+01   1.210858878077864276e+01   1.432048608819570801e-01   6.000141366241225072e+00
8.242652843322991751e-01   2.042524575163838563e+00   2.167102741824617596e+00   1.443750405871212550e+01   1.222703501721001018e+01   1.414735238762619418e-01   6.169807530525942774e+00
8.262065964655499473e-01   2.038094862393677431e+00   2.161735005066325765e+00   1.457470156850263798e+01   1.234486176099967558e+01   1.398378452426223828e-01   6.343958669044744703e+00
8.281479085988007194e-01   2.033321577330639229e+00   2.155964510371467302e+00   1.471270308361219747e+01   1.246396927559041679e+01   1.382017679399418220e-01   6.522736741015711992e+00
8.300892207320514915e-01   2.028208374549649307e+00   2.149797551528298545e+00   1.485907702294527688e+01   1.258253257054812657e+01   1.364962555492312823e-01   6.706289069449554496e+00
8.320305328653022636e-01   2.022758662506703331e+00   2.143240082361538512e+00   1.499129736303958715e+01   1.270307965474742318e+01   1.349288599593607973e-01   6.894768597711546931e+00
8.339718449985530357e-01   2.016975620864627672e+00   2.136297740100540299e+00   1.514237921943287546e+01   1.282190703538792143e+01   1.332007072096143829e-01   7.088335928015978560e+00
8.359131571318038079e-01   2.010862215377414941e+00   2.128975866523071137e+00   1.528444605542506451e+01   1.294468517256224516e+01   1.315626492504567424e-01   7.287157526580280376e+00
8.378544692650545800e-01   2.004421211510930334e+00   2.121279527045476065e+00   1.542168240476875418e+01   1.306308278272676660e+01   1.299742245302052956e-01   7.491406884170062952e+00
8.397957813983053521e-01   1.997655186976999175e+00   2.113213528012480857e+00   1.557698294626884206e+01   1.318896444172598059e+01   1.282440376206162580e-01   7.701264893646556864e+00
8.417370935315561242e-01   1.990566543003296829e+00   2.104782432402864334e+00   1.571732636327950061e+01   1.330651980411622404e+01   1.266479105284643858e-01   7.916923086062082504e+00
7.776737931342806442e-01   2.028689830093640012e+00   2.148289305384216696e+00   1.112525312690746127e+01   9.381175069371316511e+00   1.823499930250633838e-01   3.070851887080768616e+00
7.796151052675314164e-01   2.034913479132796965e+00   2.156282381971164064e+00   1.127016874123273915e+01   9.506868790656049839e+00   1.805574988143626158e-01   3.167669122873195242e+00
7.815564174007821885e-01   2.040507355887825724e+00   2.163448777380634791e+00   1.140978742689281056e+01   9.631119218046789499e+00   1.788383323495019994e-01   3.266645115155911494e+00
7.834977295340329606e-01   2.045502101232955283e+00   2.169831750672051029e+00   1.155260250355501128e+01   9.753876298589277738e+00   1.770598530161065776e-01   3.367864648559682816e+00
7.854390416672837327e-01   2.049924707661034518e+00   2.175469588604559412e+00   1.169407072526103875e+01   9.874996530165525144e+00   1.752960757482741605e-01   3.471414658670731068e+00
7.873803538005345048e-01   2.053799095727868007e+00   2.180396388394874041e+00   1.182827226907519425e+01   9.994840701136601169e+00   1.736347497763886250e-01   3.577379314269070409e+00
7.893216659337852770e-01   2.057146578364950074e+00   2.184642687339005906e+00   1.197209066940907718e+01   1.011620083189497521e+01   1.718285164362597928e-01   3.685842749839677079e+00
7.912629780670360491e-01   2.059986237564203293e+00   2.188235974512157345e+00   1.210799346312909819e+01   1.023599362003023572e+01   1.701344028502503047e-01   3.796890626855911055e+00
7.932042902002868212e-01   2.062335232931332030e+00   2.191201110553393061e+00   1.224625368194811514e+01   1.035381752469327665e+01   1.684053986217325383e-01   3.910608294739264412e+00
7.951456023335375933e-01   2.064209057360130828e+00   2.193560675028656703e+00   1.238382733772717081e+01   1.047149553952079692e+01   1.666858719090457963e-01   4.027081111160720539e+00
7.970869144667883655e-01   2.065621750046489069e+00   2.195335256118408740e+00   1.251854947309007748e+01   1.059062265925050639e+01   1.650048797176348336e-01   4.146397610208125251e+00
7.990282266000391376e-01   2.066586074884185109e+00   2.196543693955809395e+00   1.265749216315189862e+01   1.070732850037803630e+01   1.632697890108411043e-01   4.268646212301431930e+00
8.009695387332899097e-01   2.067113671918718865e+00   2.197203286440709391e+00   1.278998818533338699e+01   1.082353233530603553e+01   1.616196701642877154e-01   4.393918867085698565e+00
8.029108508665406818e-01   2.067215185540021594e+00   2.197329964325586360e+00   1.292989273863550892e+01   1.094196646793641570e+01   1.598787574906189723e-01   4.522310773023427544e+00
8.048521629997914539e-01   2.066900374323608958e+00   2.196938441089907545e+00   1.306198104510331959e+01   1.105712015183744334e+01   1.582378941744406742e-01   4.653913057883909410e+00
8.067934751330422261e-01   2.066178205489791253e+00   2.196042341865500180e+00   1.320188809201732560e+01   1.117441558589687212e+01   1.565062657014286984e-01   4.788826992557650541e+00
8.087347872662929982e-01   2.065056936817882161e+00   2.194654314911590021e+00   1.333467397934156651e+01   1.129140450392434758e+01   1.548636989563542121e-01   4.927153200241945363e+00
8.106760993995437703e-01   2.063544186858734975e+00   2.192786128462849593e+00   1.347362421730989546e+01   1.140579543695174891e+01   1.531543520567872907e-01   5.068994514356282011e+00
8.126174115327945424e-01   2.061646997236607604e+00   2.190448755206177545e+00   1.360895152996502766e+01   1.152473743681266782e+01   1.514919788418047086e-01   5.214460717067566975e+00
8.145587236660453145e-01   2.059371886477265434e+00   2.187652446284072294e+00   1.374530770379869971e+01   1.163859402505368124e+01   1.498236293326580537e-01   5.363659561816560561e+00
8.165000357992960867e-01   2.056724897145841169e+00   2.184406796371828552e+00   1.388432562735369125e+01   1.175797924845080011e+01   1.481328623619904694e-01   5.516705960453350599e+00
8.184413479325468588e-01   2.053711638356276126e+00   2.180720801085554328e+00   1.401592990353101875e+01   1.187334852354210213e+01   1.465269627125408702e-01   5.673719669644397889e+00
8.203826600657976309e-01   2.050337322106770443e+00   2.176602907824477295e+00   1.416085075786400083e+01   1.199187738045463014e+01   1.447891342946431847e-01   5.834822476491639875e+00
8.223239721990484030e-01   2.046606796617766122e+00   2.172061060915754016e+00   1.429146178427023095e+01   1.210858878079315737e+01   1.432048608820649382e-01   6.000141320830861602e+00
8.242652843322991751e-01   2.042524575185893809e+00   2.167102741823258238e+00   1.443750405872432907e+01   1.222703501721864683e+01   1.414735238776699822e-01   6.169807190352168291e+00
8.262065964655499473e-01   2.038094862394018492e+00   2.161735005067286775e+00   1.457470156851048948e+01   1.234486176100729615e+01   1.398378452425704521e-01   6.343958954120251903e+00
8.281479085988007194e-01   2.033321577331662411e+00   2.155964510370282916e+00   1.471270308359543932e+01   1.246396927557684897e+01   1.382017679401687793e-01   6.522737516904746791e+00
8.300892207320514915e-01   2.028208374515656942e+00   2.149797551529377682e+00   1.485907702292954191e+01   1.258253257053595142e+01   1.364962555470881633e-01   6.706289042658792887e+00
8.320305328653022636e-01   2.022758662443379762e+00   2.143240082359987309e+00   1.499129736306710470e+01   1.270307965477110024e+01   1.349288599548890966e-01   6.894768059993425346e+00
8.339718449985530357e-01   2.016975620851894746e+00   2.136297740100509657e+00   1.514237921940849674e+01   1.282190703536853960e+01   1.332007072089879673e-01   7.088335459473093181e+00
8.359131571318038079e-01   2.010862215317956725e+00   2.128975866523020510e+00   1.528444605543258028e+01   1.294468517256778917e+01   1.315626492465019337e-01   7.287157417639163803e+00
8.378544692650545800e-01   2.004421211507519729e+00   2.121279527043186341e+00   1.542168240478424046e+01   1.306308278273776224e+01   1.299742245298536047e-01   7.491407388796983646e+00
8.397957813983053521e-01   1.997655186963697815e+00   2.113213528012464870e+00   1.557698294625602564e+01   1.318896444171537041e+01   1.282440376198678567e-01   7.701264930420688160e+00
8.417370935315561242e-01   1.990566542995793498e+00   2.104782432402420245e+00   1.571732636328285970e+01   1.330651980411888857e+01   1.266479105279599560e-01   7.916921674612046544e+00
8.436784056648068963e-01   1.983157514082677153e+00   2.095990574050844657e+00   1.586532242847908414e+01   1.343601498514757608e+01   1.249995090249666624e-01   8.138575378305469954e+00
8.456197177980576685e-01   1.975430177378711960e+00   2.086842070580621211e+00   1.601978385646764025e+01   1.355730571529472961e+01   1.233119120131683233e-01   8.366429536015106194e+00
8.475610299313084406e-01   1.967386461034834610e+00   2.077340835179078304e+00   1.615960868692932451e+01   1.368571157718087150e+01   1.217471597951596540e-01   8.600701107031376580e+00
8.495023420645592127e-01   1.959028151674033325e+00   2.067490587253462131e+00   1.631710244506746932e+01   1.381173291130683012e+01   1.200598058551892167e-01   8.841619595287031785e+00
8.514436541978099848e-01   1.950356900651286196e+00   2.057294862182266648e+00   1.647360488364327935e+01   1.393782661586411464e+01   1.183928420298464707e-01   9.089416612471463708e+00
8.533849663310607569e-01   1.941374230992323868e+00   2.046757020117250470e+00   1.661533807167026211e+01   1.406967222594313327e+01   1.168422949095712648e-01   9.344344644837814684e+00
8.553262784643115291e-01   1.932081542166315558e+00   2.035880254016136259e+00   1.678072353137608275e+01   1.419302612945406139e+01   1.151369628701509051e-01   9.606662591948923691e+00
8.572675905975623012e-01   1.922480115529083378e+00   2.024667596898809041e+00   1.694046617472791993e+01   1.433075280989341316e+01   1.134844871268697736e-01   9.876644041393953799e+00
8.592089027308130733e-01   1.912571118307710094e+00   2.013121928439851160e+00   1.708526081025176069e+01   1.446065519563718738e+01   1.119427522675041503e-01   1.015457745346872365e+01
8.611502148640638454e-01   1.902355607619597322e+00   2.001245980889407861e+00   1.725716898751045747e+01   1.459442176417726778e+01   1.102356712735669819e-01   1.044076246692641874e+01
8.630915269973146176e-01   1.891834534134886781e+00   1.989042344422615294e+00   1.742336395425913054e+01   1.473223880332519542e+01   1.085803257684018613e-01   1.073551908757588969e+01
8.650328391305653897e-01   1.881008745129406634e+00   1.976513471906475639e+00   1.757392521381984096e+01   1.486132309280671038e+01   1.070340702059101035e-01   1.103918275503644431e+01
8.669741512638161618e-01   1.869878986572757640e+00   1.963661683151904924e+00   1.774970467890532433e+01   1.500705700273026189e+01   1.053470477621534368e-01   1.135210435626427738e+01
8.689154633970669339e-01   1.858445906057454522e+00   1.950489168656446282e+00   1.792375513167147716e+01   1.514492705668287442e+01   1.036861914484403790e-01   1.167465956737058086e+01
8.708567755303177060e-01   1.846710054012191904e+00   1.936997992866580587e+00   1.808144328754176300e+01   1.528409356122579688e+01   1.021328897613271725e-01   1.200723885906119648e+01
8.727980876635684782e-01   1.834671885532429769e+00   1.923190096986441056e+00   1.825846071659479364e+01   1.543256209902839160e+01   1.004833821432126045e-01   1.235026005842568608e+01
8.747393997968192503e-01   1.822331761525674665e+00   1.909067301334384625e+00   1.844452131312679555e+01   1.557161996602967413e+01   9.880070784101824266e-02   1.270416245976518432e+01
8.766807119300700224e-01   1.809689949065500514e+00   1.894631307254263097e+00   1.861282769046160013e+01   1.572296355679934621e+01   9.722810414201067675e-02   1.306941088403899442e+01
8.786220240633207945e-01   1.796746622271371052e+00   1.879883698612137000e+00   1.878731654959601372e+01   1.587375982743961167e+01   9.563614992743638132e-02   1.344650100766061840e+01
8.805633361965715666e-01   1.783501861926879428e+00   1.864825942861785046e+00   1.898732521658452299e+01   1.601523845693099801e+01   9.393117996257185909e-02   1.383595575253375110e+01
8.825046483298223388e-01   1.769955655322178245e+00   1.849459391671731678e+00   1.916810866349782927e+01   1.617946693366455335e+01   9.233856539496441973e-02   1.423833236015395265e+01
8.844459604630731109e-01   1.756107895597324386e+00   1.833785281141306456e+00   1.933413019522759413e+01   1.633387887118716009e+01   9.082942329781142077e-02   1.465422150164905624e+01
8.863872725963238830e-01   1.741958380477399038e+00   1.817804731552383535e+00   1.955411801497311330e+01   1.648661993057833541e+01   8.908396579909842738e-02   1.508425580554581735e+01
8.883285847295746551e-01   1.727506810794238845e+00   1.801518746689991568e+00   1.975242467294107485e+01   1.665687203288023355e+01   8.745796221973484164e-02   1.552910470126419895e+01
8.902698968628254272e-01   1.712752788652210256e+00   1.784928212682282522e+00   1.993185300786910474e+01   1.681633336709902338e+01   8.593043446467393820e-02   1.598948488622762731e+01
8.922112089960761994e-01   1.697695814971893924e+00   1.768033896351580037e+00   2.014810777827290522e+01   1.698211179555227801e+01   8.426080670476840395e-02   1.646616322774416474e+01
0.000000000000000000e+00   0.000000000000000000e+00   0.000000000000000000e+00   0.000000000000000000e+00   0.000000000000000000e+00   0.000000000000000000e+00   0.000000000000000000e+00
