# freq   mass   ang   radius99   radius95   compactness   kappa
7.650595408796384556e-01   1.123387701239266789e+00   9.636315564059049210e-01   4.942256872862645700e+00   3.754449128764113297e+00   2.273025725165475075e-01   1.112660534273745450e+00
7.597229509094131084e-01   1.160615782611671420e+00   1.012466097620487782e+00   5.064722335699271660e+00   3.885561752212038922e+00   2.291568432944366962e-01   1.122732296709158195e+00
7.551021308658668607e-01   1.197601060635065551e+00   1.061300645678774357e+00   5.195827498602795913e+00   4.021356086200717606e+00   2.304928446829905553e-01   1.134958206471638364e+00
7.511240851672316143e-01   1.234376643275595598e+00   1.110135199472401801e+00   5.334691246143152377e+00   4.161432608823887769e+00   2.313867075565092801e-01   1.149369520289632129e+00
7.477297849729728219e-01   1.270972428698655676e+00   1.158969758564107888e+00   5.480732258137572366e+00   4.305729837652918057e+00   2.318982881916128169e-01   1.166066812366252758e+00
7.457672202857021926e-01   1.295283303733071989e+00   1.191526134151213778e+00   5.581710799228670083e+00   4.404559483078650750e+00   2.320584763925901683e-01   1.178538957057698067e+00
7.440308603164912382e-01   1.319533996483642113e+00   1.224082511548667318e+00   5.685992863775989115e+00   4.505244364381691291e+00   2.320674731918952738e-01   1.192151092774400567e+00
7.425105297314977815e-01   1.343731701620868080e+00   1.256638890730845226e+00   5.793178862670109730e+00   4.608055850203547799e+00   2.319506670645992141e-01   1.206977374003886938e+00
7.411975318730327222e-01   1.367883306995622661e+00   1.289195271738556636e+00   5.903455497821970432e+00   4.713149571058438347e+00   2.317089215799613411e-01   1.223097985100005225e+00
7.400845303464003155e-01   1.391995439538163737e+00   1.321751654255029829e+00   6.016985472926553058e+00   4.820385358068895343e+00   2.313443244630474793e-01   1.240609885326847683e+00
7.394505932623836042e-01   1.408051437941139516e+00   1.343455910134510489e+00   6.094454580674397270e+00   4.893389736778742005e+00   2.310381379173931382e-01   1.253109549915894183e+00
7.389013270328612659e-01   1.424094598510805332e+00   1.365160166554556520e+00   6.173416552010363212e+00   4.967272923924202388e+00   2.306817604989009618e-01   1.266314517994127975e+00
7.384354689587691034e-01   1.440126744818144289e+00   1.386864423490209663e+00   6.253926304134523662e+00   5.042671596434574965e+00   2.302756180331169411e-01   1.280262885889748237e+00
7.380519871136865806e-01   1.456149675804908838e+00   1.408568681241223697e+00   6.336030705861531942e+00   5.118923727974717508e+00   2.298204891049231702e-01   1.295002618498001468e+00
7.377500798974633289e-01   1.472165169911022531e+00   1.430272939208388161e+00   6.419799812081453894e+00   5.196925918734224048e+00   2.293163670213746175e-01   1.310581275586354177e+00
7.375938367058421097e-01   1.482838906271354062e+00   1.444742445113319063e+00   6.476746840973495623e+00   5.249537198379566227e+00   2.289481035279239129e-01   1.321459825021398915e+00
7.374734804638141128e-01   1.493510641369084402e+00   1.459211951026962550e+00   6.533862458840081544e+00   5.302780581695627049e+00   2.285800551782993795e-01   1.332750299536996641e+00
7.373889483141516932e-01   1.504180894185651596e+00   1.473681457033874986e+00   6.592599545344571155e+00   5.356679252185617912e+00   2.281620298396318802e-01   1.344474875659208646e+00
7.373402263237015530e-01   1.514850183073235712e+00   1.488150963397905757e+00   6.652071816617069366e+00   5.411258098830884045e+00   2.277260716411833863e-01   1.356653971417907112e+00
7.373273508700586287e-01   1.525519026159258829e+00   1.502620469894649036e+00   6.711760547093049034e+00   5.466543394293441160e+00   2.272904427169978592e-01   1.369305725740894708e+00
7.373305315158577011e-01   1.528747417373551798e+00   1.506998954278481850e+00   6.730510764955454306e+00   5.483294205837606405e+00   2.271369099256867197e-01   1.373231069827757445e+00
7.373504105521021534e-01   1.536187942859100986e+00   1.517089976581976529e+00   6.772981349662204664e+00   5.522563412985907583e+00   2.268111875039662828e-01   1.382455138482860946e+00
7.374001081427133952e-01   1.545513630431969432e+00   1.529737119696161773e+00   6.827380779695313429e+00   5.572140905543216505e+00   2.263699184654149876e-01   1.394374939092069887e+00
7.374498057333246370e-01   1.551866227770346995e+00   1.538351675875268443e+00   6.864377857781711612e+00   5.605998424794636392e+00   2.260752918796703759e-01   1.402731797922889712e+00
8.941525211293269715e-01   1.599423774087313177e+00   1.663186662931801729e+00   1.955935304121828722e+01   1.643096856795782301e+01   8.177283628537083959e-02   1.630923417447861823e+01
8.960938332625777436e-01   1.584987494448228063e+00   1.647059047735345283e+00   1.975271244578932439e+01   1.660350766611536955e+01   8.024151107338672873e-02   1.679987974232282966e+01
8.980351453958285157e-01   1.570269850279260027e+00   1.630652685131991131e+00   1.996669545673451296e+01   1.676587521160825389e+01   7.864445339399554757e-02   1.730889139087219064e+01
8.999764575290792878e-01   1.555269612371830590e+00   1.613967411881537695e+00   2.020070068488319848e+01   1.695736120144915660e+01   7.699087455593489615e-02   1.783726168970820325e+01
9.019177696623300600e-01   1.539985427228998560e+00   1.597002927484899359e+00   2.041179320055038815e+01   1.713651500930047433e+01   7.544586661731778054e-02   1.838606318632225367e+01
9.038590817955808321e-01   1.524415809541210365e+00   1.579758787684259813e+00   2.062440610359641369e+01   1.731825207065617533e+01   7.391319788235685417e-02   1.895645110692635882e+01
9.058003939288316042e-01   1.508559134671259017e+00   1.562234397126817331e+00   2.088578421401537000e+01   1.751829482757990419e+01   7.222899170139576719e-02   1.954967056016809224e+01
9.077417060620823763e-01   1.492413629872885616e+00   1.544429001047201266e+00   2.112063583158321833e+01   1.770566657837351343e+01   7.066139683357312851e-02   2.016706589886827317e+01
9.096830181953331484e-01   1.475977365063158686e+00   1.526341675871796255e+00   2.133257510526289380e+01   1.790991793641352814e+01   6.918889809505580912e-02   2.081010601765646939e+01
9.116243303285839206e-01   1.459248240988813228e+00   1.507971318676247341e+00   2.162223518998055738e+01   1.812035200666067425e+01   6.748831599357539568e-02   2.148037371963091857e+01
9.135656424618346927e-01   1.442223977579487837e+00   1.489316635270069078e+00   2.188376433865141735e+01   1.831755574381662299e+01   6.590383424264040224e-02   2.217959555056591370e+01
9.155069545950854648e-01   1.424902100024723950e+00   1.470376126788851545e+00   2.211919438258482629e+01   1.854820571444908239e+01   6.441925846750533313e-02   2.290964876518635052e+01
9.174482667283362369e-01   1.407279923379974207e+00   1.451148074604051930e+00   2.241729473324404509e+01   1.877104482600931590e+01   6.277652768213054513e-02   2.367259116672275354e+01
9.193895788615870091e-01   1.389354535267784740e+00   1.431630523305490454e+00   2.271459871055277446e+01   1.898826712990868160e+01   6.116570902141083704e-02   2.447066896005382119e+01
9.213308909948377812e-01   1.371122776109018560e+00   1.411821261493163338e+00   2.298079309942788484e+01   1.924263025207131150e+01   5.966385799553424601e-02   2.530634499127019055e+01
9.232722031280885533e-01   1.352581217630586252e+00   1.391717800098143165e+00   2.328726235646259113e+01   1.948002942400570348e+01   5.808244854746625468e-02   2.618233372142491433e+01
9.252135152613393254e-01   1.333726137518397081e+00   1.371317347833614697e+00   2.362422430716760857e+01   1.973180194447722968e+01   5.645587005003773612e-02   2.710161729526176089e+01
9.271548273945900975e-01   1.314553491560559229e+00   1.350616783382240893e+00   2.392482370011356707e+01   2.000431027390920491e+01   5.494516942059303466e-02   2.806749772689122935e+01
9.290961395278408697e-01   1.295058881833369924e+00   1.329612623795925597e+00   2.424190886958443869e+01   2.025887917965821927e+01   5.342231458753809309e-02   2.908363271818778628e+01
9.310374516610916418e-01   1.275237520192376905e+00   1.308300988524792485e+00   2.463231576027547476e+01   2.055442973657587657e+01   5.177091478540364611e-02   3.015408203654912001e+01
9.329787637943424139e-01   1.255084187076818125e+00   1.286677558348293005e+00   2.497799173140985829e+01   2.084796862348719060e+01   5.024760199189865634e-02   3.128337797076237692e+01
9.349200759275931860e-01   1.234593184078562444e+00   1.264737528384775933e+00   2.531547060512358627e+01   2.113130814043441319e+01   4.876832840029028671e-02   3.247657439387673151e+01
9.368613880608439581e-01   1.213758279981675514e+00   1.242475554125124226e+00   2.576359363185932239e+01   2.147349102467129356e+01   4.711137341029704440e-02   3.373935357161700210e+01
9.388027001940947303e-01   1.192572647795373086e+00   1.219885689268646045e+00   2.615835604726669672e+01   2.179136045898898999e+01   4.559050445067956703e-02   3.507810422764870140e+01
9.407440123273455024e-01   1.171028792960896681e+00   1.196961313886967471e+00   2.652580417477033947e+01   2.214039626883746692e+01   4.414677818042195279e-02   3.650005032543067784e+01
9.426853244605962745e-01   1.149118469367635953e+00   1.173695051018510904e+00   2.705153876821373515e+01   2.251221528220576928e+01   4.247885782814987687e-02   3.801337586987007455e+01
9.446266365938470466e-01   1.126832581900544028e+00   1.150078669524383645e+00   2.750994691311695561e+01   2.285772057525237244e+01   4.096091444521332559e-02   3.962742079588132782e+01
9.465679487270978187e-01   1.104161072292072276e+00   1.126102970370794987e+00   2.794149319952520472e+01   2.329351781308033154e+01   3.951689569370740729e-02   4.135285722610615977e+01
9.485092608603485909e-01   1.081092784604379631e+00   1.101757652896419026e+00   2.854644702218530128e+01   2.369896919988339334e+01   3.787136044510870658e-02   4.320196825470353019e+01
9.504505729935993630e-01   1.057615307026026130e+00   1.077031156731789396e+00   2.907047435265803514e+01   2.414863641096666314e+01   3.638108185631735297e-02   4.518894866006002786e+01
9.523918851268501351e-01   1.033714783051664199e+00   1.051910473908852062e+00   2.960510489709999860e+01   2.462825318961305499e+01   3.491677488205498225e-02   4.733029903580940356e+01
9.543331972601009072e-01   1.009375685893814989e+00   1.026380924174834952e+00   3.031339539356535795e+01   2.509445710476018476e+01   3.329800811782621106e-02   4.964530916063178978e+01
9.562745093933516793e-01   9.845805474238886745e-01   1.000425884556658485e+00   3.091875423440809456e+01   2.566669224665476534e+01   3.184412088402297641e-02   5.215668994769529832e+01
9.582158215266024515e-01   9.593096291940810261e-01   9.740264615872399334e-01   3.164022015412424693e+01   2.619122031020148356e+01   3.031930955350943535e-02   5.489135613265461444e+01
9.601571336598532236e-01   9.335405207938265448e-01   9.471610909333165740e-01   3.244157940106638449e+01   2.684620972692158603e+01   2.877605030423211613e-02   5.788145811647152073e+01
9.620984457931039957e-01   9.072476450409112658e-01   9.198050442540516292e-01   3.312205678844964041e+01   2.746981622184498306e+01   2.739104189197838837e-02   6.116570945735680453e+01
9.640397579263547678e-01   8.804016429196508398e-01   8.919298161910357292e-01   3.415085520702744049e+01   2.820916225707164671e+01   2.577978318793272550e-02   6.479118289328992830e+01
9.659810700596055399e-01   8.529686016979667329e-01   8.635023545092495034e-01   3.506035193911457526e+01   2.895499842675091884e+01   2.432858070504319986e-02   6.881567145217157133e+01
9.679223821928563121e-01   8.249090738266885436e-01   8.344840825134950402e-01   3.611147758755320325e+01   2.982188599326790168e+01   2.284340406250825670e-02   7.331094137945790123e+01
9.698636943261070842e-01   7.961768161300141200e-01   8.048296419517071421e-01   3.731205772242441299e+01   3.071423747351517264e+01   2.133832505441035643e-02   7.836722940651861791e+01
9.718050064593578563e-01   7.667171459892189178e-01   7.744852538450937018e-01   3.841681600025773946e+01   3.177336672839333076e+01   1.995785246710906485e-02   8.409961124646778785e+01
9.737463185926086284e-01   7.364647631545720996e-01   7.433865473062319928e-01   4.005193999517619829e+01   3.284201033902260747e+01   1.838774259731915800e-02   9.065717538652702956e+01
9.756876307258594005e-01   7.053408145344519653e-01   7.114556318745558494e-01   4.135818927280767809e+01   3.419994185546050858e+01   1.705444137996152063e-02   9.823660629105891928e+01
9.776289428591101727e-01   6.732488533472178460e-01   6.785970685365794175e-01   4.348322079775195448e+01   3.554148843342941433e+01   1.548295735678402799e-02   1.071028349032483646e+02
9.795702549923609448e-01   6.400691479276474638e-01   6.446921928293309900e-01   4.520827032396477563e+01   3.728274311605919422e+01   1.415823130017758273e-02   1.176214828936253269e+02
9.809569065161115597e-01   6.156211794346972965e-01   6.197522433423456878e-01   4.731281142161607534e+01   3.859340566408990014e+01   1.301172263784423737e-02   1.264257087893592910e+02
9.823435580398621747e-01   5.904738846973032196e-01   5.941351382217043842e-01   4.895818967880240535e+01   4.016324984272915088e+01   1.206077856577615105e-02   1.365923980571283209e+02
9.837302095636127897e-01   5.645446532727191880e-01   5.677587486239589198e-01   5.134801370932378717e+01   4.180799549270066251e+01   1.099447889977892175e-02   1.484695001893445578e+02
9.851168610873634046e-01   5.377317963756240715e-01   5.405219038940768383e-01   5.373184018363093628e+01   4.383887361591870757e+01   1.000769366055400192e-02   1.625349074108473530e+02
9.865035126111140196e-01   5.099080222727252476e-01   5.122978649895908454e-01   5.660189633691688726e+01   4.613173952201536565e+01   9.008673830246798422e-03   1.794637559635522734e+02
9.874939779852215382e-01   4.893267138347709988e-01   4.914454904413057545e-01   5.928710284593885405e+01   4.802836850688817805e+01   8.253510297278587524e-03   1.938380207263738555e+02
9.884844433593290569e-01   4.680737581310268070e-01   4.699340463928223799e-01   6.136699768810899513e+01   4.998633848594702300e+01   7.627450841084977735e-03   2.106735369449174016e+02
9.894749087334365756e-01   4.460583541042524303e-01   4.476728500579578163e-01   6.515794126417550558e+01   5.269005508988809083e+01   6.845801838578037188e-03   2.306723100245872047e+02
9.904653741075440943e-01   4.231671696908279046e-01   4.245485036199423412e-01   6.860606098285722965e+01   5.515763483657499933e+01   6.168072669214544161e-03   2.548370927405129294e+02
7.893216659337852770e-01   1.954932894516332675e+00   2.075386512442013665e+00   1.148386456069493988e+01   9.684320161351262612e+00   1.702330155658010324e-01   3.650600891482229216e+00
7.912629780670360491e-01   1.956867562485854251e+00   2.077834644901868089e+00   1.161516336814969819e+01   9.794091166738956744e+00   1.684752508821220629e-01   3.755767821644402371e+00
7.932042902002868212e-01   1.958395190885198645e+00   2.079762988893437470e+00   1.173859292915698838e+01   9.902214916034274950e+00   1.668338959110529374e-01   3.863512181671215018e+00
7.951456023335375933e-01   1.959526302816470889e+00   2.081187336119601383e+00   1.187004718695885508e+01   1.001268014577422605e+01   1.650815933545170811e-01   3.973911565009738300e+00
7.970869144667883655e-01   1.960270524981979179e+00   2.082122236895197709e+00   1.199527574624561055e+01   1.012240233639511722e+01   1.634202136283129936e-01   4.087047208046431734e+00
7.990282266000391376e-01   1.960636686092357417e+00   2.082581135155213925e+00   1.212426830838527003e+01   1.023007908765734086e+01   1.617117533382497474e-01   4.203001551727742147e+00
8.009695387332899097e-01   1.960632900738232820e+00   2.082576484751097468e+00   1.225082572840650741e+01   1.033967531037172449e+01   1.600408775868903677e-01   4.321859821696397930e+00
8.029108508665406818e-01   1.960266643130694542e+00   2.082119850115348392e+00   1.237895661866942199e+01   1.044930225244593558e+01   1.583547550505430279e-01   4.443707167510775768e+00
8.048521629997914539e-01   1.959544810052989305e+00   2.081221993790718372e+00   1.250636753974822746e+01   1.055617693692808601e+01   1.566837695937759178e-01   4.568634299431606927e+00
8.067934751330422261e-01   1.958473776328560234e+00   2.079892952866116307e+00   1.263455909141490352e+01   1.066702517308185882e+01   1.550092695881512550e-01   4.696731340109831621e+00
8.087347872662929982e-01   1.957059443623052175e+00   2.078142106004375211e+00   1.276203311425921072e+01   1.077598156587814948e+01   1.533501305083122268e-01   4.828095342232932907e+00
8.106760993995437703e-01   1.955307282582225303e+00   2.075978232400803147e+00   1.289185566167063790e+01   1.088420098883161913e+01   1.516699638823632290e-01   4.962824198575285450e+00
8.126174115327945424e-01   1.953222370913749728e+00   2.073409563870976413e+00   1.301842283381398246e+01   1.099536983954726388e+01   1.500352535670035348e-01   5.101017904622249688e+00
8.145587236660453145e-01   1.950809426385944789e+00   2.070443830992652057e+00   1.315079006539264839e+01   1.110239937970091262e+01   1.483416142061042553e-01   5.242783277375211881e+00
8.165000357992960867e-01   1.948072836420692511e+00   2.067088304109100161e+00   1.327492221704430797e+01   1.121511432065297953e+01   1.467483428203796569e-01   5.388227709152331180e+00
8.184413479325468588e-01   1.945016684399092810e+00   2.063349829878591724e+00   1.341162228052714944e+01   1.132410944451335766e+01   1.450247139172072819e-01   5.537463516308196887e+00
8.203826600657976309e-01   1.941644773393591095e+00   2.059234863928787185e+00   1.353519846952550054e+01   1.143590704502530286e+01   1.434515184808855537e-01   5.690608451217972430e+00
8.223239721990484030e-01   1.937960646746660132e+00   2.054749500118819405e+00   1.367391666517885085e+01   1.154681004984863257e+01   1.417268142113042584e-01   5.847783852641812885e+00
8.242652843322991751e-01   1.933967606983173937e+00   2.049899496813451183e+00   1.380238614113477169e+01   1.165833221691053723e+01   1.401183525230784155e-01   6.009113165131465095e+00
8.262065964655499473e-01   1.929668733116159274e+00   2.044690300514117709e+00   1.393694987329756962e+01   1.177105493832122995e+01   1.384570333293153876e-01   6.174729740370387354e+00
8.281479085988007194e-01   1.925066895366740249e+00   2.039127067191585763e+00   1.407228550505824138e+01   1.188292259596861378e+01   1.367984535756313902e-01   6.344769415578875638e+00
8.300892207320514915e-01   1.920164768943209310e+00   2.033214681529465828e+00   1.420000697422473834e+01   1.199728417743110498e+01   1.352228046386605709e-01   6.519372058870128051e+00
8.320305328653022636e-01   1.914964846818179467e+00   2.026957774338215224e+00   1.434354294073552261e+01   1.211013004393997328e+01   1.335071017481809230e-01   6.698686248794103903e+00
8.339718449985530357e-01   1.909469450380697708e+00   2.020360738351670182e+00   1.447355705086210342e+01   1.222590133417023672e+01   1.319281392729206026e-01   6.882865053195223126e+00
8.359131571318038079e-01   1.903680739837909641e+00   2.013427742531283204e+00   1.461495369755747475e+01   1.234036205768543937e+01   1.302556805332925893e-01   7.072067938984571533e+00
8.378544692650545800e-01   1.897600723217578889e+00   2.006162745069473896e+00   1.475473227436328294e+01   1.245718665210685572e+01   1.286096343825030297e-01   7.266462063973979646e+00
8.397957813983053521e-01   1.891231265000783646e+00   1.998569505202524965e+00   1.488482094378874798e+01   1.257394864757195840e+01   1.270577101426249300e-01   7.466224294509872017e+00
8.417370935315561242e-01   1.884574092979505622e+00   1.990651593950583331e+00   1.503616759755562526e+01   1.269138834438543384e+01   1.253360659059077065e-01   7.671534392008124037e+00
8.436784056648068963e-01   1.877630805419244098e+00   1.982412403894762143e+00   1.517331591680184744e+01   1.281117753818116256e+01   1.237455817643716011e-01   7.882582139649747965e+00
8.456197177980576685e-01   1.870402877240053385e+00   1.973855158047237213e+00   1.531550374237023782e+01   1.292860348896411082e+01   1.221248029906843169e-01   8.099568230419226467e+00
8.475610299313084406e-01   1.862891665516713147e+00   1.964982917941956675e+00   1.546618592063518527e+01   1.305222857519821922e+01   1.204493257145718976e-01   8.322700976951290741e+00
8.495023420645592127e-01   1.855098414032568366e+00   1.955798590968962802e+00   1.560285877163898149e+01   1.316887239933096510e+01   1.188947769882109928e-01   8.552199068027062978e+00
8.514436541978099848e-01   1.847024258371334327e+00   1.946304937031636761e+00   1.575672591321410820e+01   1.329724021488857133e+01   1.172213230429018926e-01   8.788290514263787045e+00
8.533849663310607569e-01   1.838670229512899823e+00   1.936504574573918447e+00   1.590771757617795323e+01   1.341735001352873802e+01   1.155835348916639110e-01   9.031215788817544166e+00
8.553262784643115291e-01   1.830037257403546391e+00   1.926399986032215406e+00   1.604484819489058722e+01   1.354617329312090312e+01   1.140576236792513742e-01   9.281227960292667944e+00
8.572675905975623012e-01   1.821126174264463771e+00   1.915993522731722187e+00   1.621005924636888196e+01   1.367160304491278033e+01   1.123454360398098845e-01   9.538591620187270692e+00
8.592089027308130733e-01   1.811937717183468521e+00   1.905287409288164646e+00   1.636386803491991060e+01   1.379892868080609070e+01   1.107279595091367197e-01   9.803583601661079783e+00
8.611502148640638454e-01   1.802472530766181080e+00   1.894283747513086258e+00   1.650497170614219300e+01   1.393074344435418865e+01   1.092078534188219985e-01   1.007649907574308834e+01
8.630915269973146176e-01   1.792731168777322637e+00   1.882984519885496200e+00   1.667893114731434068e+01   1.405513084393260392e+01   1.074847754297486996e-01   1.035764691986240038e+01
8.650328391305653897e-01   1.782714096130689541e+00   1.871391592573520501e+00   1.683651479304721832e+01   1.419459389998326238e+01   1.058837959069104245e-01   1.064735167990424891e+01
8.669741512638161618e-01   1.772421690021815044e+00   1.859506718051634699e+00   1.698388227682452722e+01   1.432519199560194245e+01   1.043590423633815045e-01   1.094595519382507298e+01
8.689154633970669339e-01   1.761854241249693809e+00   1.847331537314800709e+00   1.716527403184144873e+01   1.446287283858139006e+01   1.026406125519154500e-01   1.125382149678764065e+01
8.708567755303177060e-01   1.751011954847058405e+00   1.834867581703648387e+00   1.732946689907000248e+01   1.460183037735927236e+01   1.010424593581137620e-01   1.157133588898993715e+01
8.727980876635684782e-01   1.739894949997619733e+00   1.822116274345830567e+00   1.748241880500091128e+01   1.473492566465392706e+01   9.952255288037810399e-02   1.189889681659494336e+01
8.747393997968192503e-01   1.728503261066293817e+00   1.809078931221266284e+00   1.767239265441551055e+01   1.488386839125573502e+01   9.780810639890467895e-02   1.223693761154554416e+01
8.766807119300700224e-01   1.716836836596598914e+00   1.795756761856834860e+00   1.784433124922544067e+01   1.502340785209406349e+01   9.621189007411642957e-02   1.258591242139508637e+01
8.786220240633207945e-01   1.704895538939467770e+00   1.782150869636363266e+00   1.800048397133874545e+01   1.517078053819761507e+01   9.471387222999592959e-02   1.294629969584296525e+01
8.805633361965715666e-01   1.692679143751888660e+00   1.768262251730285062e+00   1.820240649047281423e+01   1.532120558502780128e+01   9.299205270675837964e-02   1.331861589538317148e+01
8.825046483298223388e-01   1.680187338198379621e+00   1.754091798643711675e+00   1.838568595817108431e+01   1.546235814580506052e+01   9.138562151126378152e-02   1.370340116829332544e+01
8.844459604630731109e-01   1.667419719641088927e+00   1.739640293352477496e+00   1.855187065884012299e+01   1.562499742700987682e+01   8.987879175659028996e-02   1.410123436773981354e+01
8.863872725963238830e-01   1.654375793870372036e+00   1.724908410028964889e+00   1.875942736170591729e+01   1.577806777894512713e+01   8.818903487680494757e-02   1.451273672513264934e+01
8.883285847295746551e-01   1.641054972231586362e+00   1.709896712335231994e+00   1.895557166887366307e+01   1.593392654972006817e+01   8.657375260944043249e-02   1.493855832867535050e+01
8.902698968628254272e-01   1.627456569493119787e+00   1.694605651241935629e+00   1.913327796987738694e+01   1.610126344232797280e+01   8.505895184585295088e-02   1.537940697947005297e+01
8.922112089960761994e-01   1.613579799959438787e+00   1.679035562396831160e+00   1.934536141305781598e+01   1.625813744451314946e+01   8.340913180718854958e-02   1.583603008481573760e+01
8.941525211293269715e-01   1.599423774125512177e+00   1.663186662931658732e+00   1.955935304121981133e+01   1.643096856795987293e+01   8.177283628731744913e-02   1.630923525708293553e+01
8.960938332625777436e-01   1.584987494429356047e+00   1.647059047734780179e+00   1.975271244580778784e+01   1.660350766613249718e+01   8.024151107235633074e-02   1.679987858849141702e+01
8.980351453958285157e-01   1.570269850273803058e+00   1.630652685134136082e+00   1.996669545663596779e+01   1.676587521153028959e+01   7.864445339411038627e-02   1.730889050284016406e+01
8.999764575290792878e-01   1.555269612393203715e+00   1.613967411882958336e+00   2.020070068484950099e+01   1.695736120142293046e+01   7.699087455712137762e-02   1.783726103796875151e+01
7.373305315158577011e-01   1.528747417281579146e+00   1.506998954251425493e+00   6.730510764524993306e+00   5.483294205532409649e+00   2.271369099265485858e-01   1.373231378750138010e+00
7.373504105521021534e-01   1.536187942837273113e+00   1.517089976580984212e+00   6.772981349697898779e+00   5.522563413009171640e+00   2.268111874995482058e-01   1.382455068841406121e+00
7.374001081427133952e-01   1.545513630455275234e+00   1.529737119696794378e+00   6.827380779561817548e+00   5.572140905455786886e+00   2.263699184732547998e-01   1.394374783471476587e+00
7.374498057333246370e-01   1.551866227767618511e+00   1.538351675885693881e+00   6.864377857811900796e+00   5.605998424825696880e+00   2.260752918782786280e-01   1.402731953870727688e+00
7.377604156746447872e-01   1.576227634862561899e+00   1.571380006713204214e+00   7.010964538829915327e+00   5.739757524045993264e+00   2.248232217026195634e-01   1.436672594893883215e+00
7.380710256159649374e-01   1.592305212639530509e+00   1.593167979163395920e+00   7.110582074696316646e+00   5.830409194877600676e+00   2.239345803075532271e-01   1.460843686094785543e+00
7.388475504692652018e-01   1.621258843766099744e+00   1.632377287746483274e+00   7.296420037141997383e+00   5.999206542187092595e+00   2.221992203728920534e-01   1.508369618905728071e+00
7.407888626025159740e-01   1.669430311813243861e+00   1.697495867583090234e+00   7.627561005497015323e+00   6.297698700279367401e+00   2.188681690792275703e-01   1.600934882107576618e+00
7.427301747357667461e-01   1.704106154034207066e+00   1.744246388926655289e+00   7.885135975992241697e+00   6.529417035453993989e+00   2.161162672682721275e-01   1.680573382421904016e+00
7.446714868690175182e-01   1.732158946534468669e+00   1.781968324109294954e+00   8.109036219087345287e+00   6.729617821863151050e+00   2.136084856122913433e-01   1.755126573385305866e+00
7.466127990022682903e-01   1.756006727910289555e+00   1.813952144391527854e+00   8.312106120271090859e+00   6.909949905754158017e+00   2.112589399728476425e-01   1.827292844428752838e+00
7.485541111355190624e-01   1.776842112952522257e+00   1.841823150290510025e+00   8.499070561664154866e+00   7.077284677987267791e+00   2.090631087318104153e-01   1.898381461826108785e+00
7.504954232687698346e-01   1.795359052242361031e+00   1.866528595510513089e+00   8.677625265303966273e+00   7.234721988554829508e+00   2.068952043159554277e-01   1.969155030331396938e+00
7.524367354020206067e-01   1.812004208858184029e+00   1.888679275572278993e+00   8.847239913051986093e+00   7.384962134945431522e+00   2.048101132857271522e-01   2.040103676330309757e+00
7.543780475352713788e-01   1.827085501393071354e+00   1.908697087057711128e+00   9.009595401556820704e+00   7.528332770966191134e+00   2.027932909259564098e-01   2.111567956285374414e+00
7.563193596685221509e-01   1.840826058256425313e+00   1.926888409894550458e+00   9.166469137610318896e+00   7.667340796207160913e+00   2.008217156051348706e-01   2.183805144365683404e+00
7.582606718017729230e-01   1.853393821474128345e+00   1.943484388201703883e+00   9.319155387462817686e+00   7.801056471974663786e+00   1.988800212482263741e-01   2.257013510100608134e+00
7.602019839350236952e-01   1.864919029471479917e+00   1.958664728835354474e+00   9.468387761204731135e+00   7.932792503709773513e+00   1.969626800787246945e-01   2.331352725474799215e+00
7.621432960682744673e-01   1.875505148181332515e+00   1.972572588634107005e+00   9.614800479368804886e+00   8.060935145995250295e+00   1.950643856006938348e-01   2.406959731503964584e+00
7.640846082015252394e-01   1.885236025904646562e+00   1.985324323071816277e+00   9.758590517980263002e+00   8.186150217215146796e+00   1.931873278657494364e-01   2.483950155813322347e+00
7.660259203347760115e-01   1.894180756023956747e+00   1.997016114067333481e+00   9.899934974935538534e+00   8.308982185365039186e+00   1.913326462062232280e-01   2.562430916003477055e+00
7.679672324680267836e-01   1.902397085038046720e+00   2.007728619512119117e+00   1.003869195661495262e+01   8.429857001136879191e+00   1.895064708888163918e-01   2.642495904666612994e+00
7.699085446012775558e-01   1.909933869009819540e+00   2.017530322936565756e+00   1.017455390211828004e+01   8.549103756892826311e+00   1.877167183331922840e-01   2.724232424146202813e+00
7.718498567345283279e-01   1.916832881020013701e+00   2.026480002563833871e+00   1.030879977395282232e+01   8.666974590085922969e+00   1.859414212179446024e-01   2.807722796202362314e+00
7.737911688677791000e-01   1.923130171396564947e+00   2.034628587789407916e+00   1.044507318558740572e+01   8.783655046356798834e+00   1.841184008217566781e-01   2.893048117137877906e+00
7.757324810010298721e-01   1.928857106493410356e+00   2.042020579629529653e+00   1.057848153469620200e+01   8.899272128135510940e+00   1.823378053047576830e-01   2.980283996322931284e+00
7.776737931342806442e-01   1.934041176476398505e+00   2.048695154460233425e+00   1.070811003438776687e+01   9.013896670082711893e+00   1.806146154891447031e-01   3.069503475183431807e+00
7.796151052675314164e-01   1.938706630859201141e+00   2.054687033519568828e+00   1.084019027070849894e+01   9.127548138986467663e+00   1.788443359797678156e-01   3.160781873176969015e+00
7.815564174007821885e-01   1.942874984934519489e+00   2.060027176398762983e+00   1.097178637171737314e+01   9.240186396493015764e+00   1.770791846570020645e-01   3.254190837397889169e+00
7.834977295340329606e-01   1.946565428790222541e+00   2.064743340312582109e+00   1.109836490649243324e+01   9.351718473982835178e+00   1.753920911044744291e-01   3.349804258498540133e+00
7.854390416672837327e-01   1.949795159176233250e+00   2.068860535713604953e+00   1.122959369230231985e+01   9.461978696754966833e+00   1.736300718086338235e-01   3.447694714905586100e+00
7.873803538005345048e-01   1.952579653178077024e+00   2.072401400875105715e+00   1.135844883745362921e+01   9.573264084944515417e+00   1.719054847295339028e-01   3.547935444418820250e+00
7.893216659337852770e-01   1.954932894526905329e+00   2.075386512442122466e+00   1.148386456067776429e+01   9.684320161337071298e+00   1.702330155669763145e-01   3.650601079264766735e+00
7.912629780670360491e-01   1.956867562419688511e+00   2.077834644902106120e+00   1.161516336816676898e+01   9.794091166752386002e+00   1.684752508761779566e-01   3.755767404816671817e+00
7.932042902002868212e-01   1.958395190852570522e+00   2.079762988893261610e+00   1.173859292916950636e+01   9.902214916042700210e+00   1.668338959080954420e-01   3.863511285204255685e+00
7.951456023335375933e-01   1.959526302725976166e+00   2.081187336121241405e+00   1.187004718697776795e+01   1.001268014578995746e+01   1.650815933466302510e-01   3.973910882134620959e+00
0.000000000000000000e+00   0.000000000000000000e+00   0.000000000000000000e+00   0.000000000000000000e+00   0.000000000000000000e+00   0.000000000000000000e+00   0.000000000000000000e+00
