# freq   mass   ang   radius99   radius95   compactness   kappa
7.094978680211548872e-01   1.259768373188421720e+00   1.209562904650259174e+00   4.960836123080996529e+00   4.023648765994820131e+00   2.539427511679270832e-01   1.148314236340479466e+00
7.095010486669539596e-01   1.262428672411260777e+00   1.213312432595738954e+00   4.975931391986975427e+00   4.037380621190465035e+00   2.537070093941048432e-01   1.150618840102009655e+00
7.095042293127530320e-01   1.263798629488178449e+00   1.215243293475357422e+00   4.983998098363629836e+00   4.044425889916778871e+00   2.535712503387821948e-01   1.151816936269127289e+00
7.095539269033642737e-01   1.273151901949745479e+00   1.228425674649377353e+00   5.038483522540581738e+00   4.092844574314026040e+00   2.526855344974467954e-01   1.160215496348342867e+00
7.096036244939755155e-01   1.278442738448688942e+00   1.235881960060865037e+00   5.069493474601959093e+00   4.120502040869378213e+00   2.521835258006853153e-01   1.165141532062650809e+00
7.097278684705036200e-01   1.287688657476451226e+00   1.248910528201681691e+00   5.124506196445061335e+00   4.169589211107308735e+00   2.512805347703039316e-01   1.174066619655274257e+00
7.116691806037543921e-01   1.347147370397919985e+00   1.332592075952803157e+00   5.501012475774758492e+00   4.502391198320279564e+00   2.448908044347215818e-01   1.242586539030063220e+00
7.136104927370051643e-01   1.379990524549157271e+00   1.378681952717677905e+00   5.728128851967267288e+00   4.702100393805141998e+00   2.409147140737264714e-01   1.290581285507299780e+00
7.155518048702559364e-01   1.405286247150343115e+00   1.414082852080311481e+00   5.914259373437928957e+00   4.865239674428395666e+00   2.376098440088293406e-01   1.333887860014561610e+00
7.174931170035067085e-01   1.426446212279415704e+00   1.443615252296394313e+00   6.078282968485753557e+00   5.009045683935785753e+00   2.346791387757286018e-01   1.375246364983533587e+00
7.194344291367574806e-01   1.444861026572994200e+00   1.469246705740782311e+00   6.229042066045290760e+00   5.140518342465508539e+00   2.319555737870158674e-01   1.415750739154001625e+00
7.213757412700082527e-01   1.461262522771107797e+00   1.492014223087200220e+00   6.369833430511980588e+00   5.263170834323739555e+00   2.294035689805561662e-01   1.455969051730759078e+00
7.233170534032590249e-01   1.476092772325841906e+00   1.512545252119827044e+00   6.503812200849748315e+00   5.379411536295439333e+00   2.269580865408420967e-01   1.496246903486015301e+00
7.252583655365097970e-01   1.489643341560736189e+00   1.531254371000427827e+00   6.632162267690458357e+00   5.490368267581193784e+00   2.246090010218462218e-01   1.536810487402343828e+00
7.271996776697605691e-01   1.502118690593647443e+00   1.548432876474117093e+00   6.754738989438132002e+00   5.597279271998850447e+00   2.223799754427810416e-01   1.577823767197563232e+00
7.291409898030113412e-01   1.513668845664938090e+00   1.564294974549807149e+00   6.875368646605517498e+00   5.700931417416215119e+00   2.201582087401613708e-01   1.619410979025820652e+00
7.310823019362621134e-01   1.524407804565839797e+00   1.579003811800645529e+00   6.991616441548251792e+00   5.801801406599243371e+00   2.180336717996888274e-01   1.661667179413794715e+00
7.330236140695128855e-01   1.534424626355644250e+00   1.592687167178001628e+00   7.105405789495824465e+00   5.900130289449037058e+00   2.159517234925609763e-01   1.704677068322658195e+00
7.349649262027636576e-01   1.543790475402147422e+00   1.605447424673374979e+00   7.217751393503224477e+00   5.996253992370122354e+00   2.138880090538626544e-01   1.748504359193396640e+00
7.369062383360144297e-01   1.552563292323270616e+00   1.617368187860640738e+00   7.327742335208188074e+00   6.091156007196742550e+00   2.118747113778204072e-01   1.793214449424517687e+00
7.388475504692652018e-01   1.560791000572976372e+00   1.628518824497878548e+00   7.435859502713400460e+00   6.183841495797063992e+00   2.099005501655097361e-01   1.838857953323392413e+00
7.407888626025159740e-01   1.568513775896462903e+00   1.638957682897852708e+00   7.542470254786368677e+00   6.275978341145254547e+00   2.079575686627469777e-01   1.885485053632670605e+00
8.980351453958285157e-01   1.344181839883049179e+00   1.391736317414338009e+00   1.770830570331032661e+01   1.474752054686385705e+01   7.590685762962476324e-02   1.521352352607476455e+01
8.999764575290792878e-01   1.333012041737560827e+00   1.379311813892501792e+00   1.793410587774793186e+01   1.492628583191549829e+01   7.432832452447601934e-02   1.568004735864228216e+01
9.019177696623300600e-01   1.321620652192677881e+00   1.366668130551783822e+00   1.813782391765887780e+01   1.509579370670342335e+01   7.286544726602819932e-02   1.616556947898452279e+01
9.038590817955808321e-01   1.310005031453897573e+00   1.353803286327368571e+00   1.837024893648089474e+01   1.528813526048457128e+01   7.131122915010694452e-02   1.667121111037571879e+01
9.058003939288316042e-01   1.298162369769556790e+00   1.340715124962098992e+00   1.860455581290770510e+01   1.546804248676604132e+01   6.977658498403392640e-02   1.719818113776775093e+01
9.077417060620823763e-01   1.286089675088305739e+00   1.327401303124594811e+00   1.881582926295277147e+01   1.566847586948675719e+01   6.835147455448792320e-02   1.774779308875544714e+01
9.096830181953331484e-01   1.273783759901789381e+00   1.313859277296285377e+00   1.908396777276395184e+01   1.586261115047331849e+01   6.674627493972684622e-02   1.832147506687180893e+01
9.116243303285839206e-01   1.261241226201377685e+00   1.300086289241097592e+00   1.932999139390953047e+01   1.606908712109724036e+01   6.524789382983212094e-02   1.892077238166156405e+01
9.135656424618346927e-01   1.248458449432291673e+00   1.286079349965494556e+00   1.957256485728113304e+01   1.627957387502238262e+01   6.378614445964429780e-02   1.954737577017554173e+01
9.155069545950854648e-01   1.235431560248230198e+00   1.271835221877136712e+00   1.986029020659028888e+01   1.649224668655335435e+01   6.220611820859867774e-02   2.020312424155989817e+01
9.174482667283362369e-01   1.222156424489298843e+00   1.257350399013904774e+00   2.011771356221263574e+01   1.672160011652715639e+01   6.075026472118040533e-02   2.089003410112433556e+01
9.193895788615870091e-01   1.208628620778085860e+00   1.242621085009825155e+00   2.040471163112167474e+01   1.694048796050348926e+01   5.923282046949691904e-02   2.161030913877822357e+01
9.213308909948377812e-01   1.194843415988316337e+00   1.227643168544256591e+00   2.070993187754281450e+01   1.719158336839037915e+01   5.769422241721452321e-02   2.236637754233581177e+01
9.232722031280885533e-01   1.180795736878621938e+00   1.212412195910619106e+00   2.098214179327558426e+01   1.742538620892861800e+01   5.627622520676352907e-02   2.316090420142930029e+01
9.252135152613393254e-01   1.166480139767145374e+00   1.196923340303914118e+00   2.132397772014535420e+01   1.769334211816863345e+01   5.470274613282583021e-02   2.399683121022808407e+01
9.271548273945900975e-01   1.151890775128208588e+00   1.181171367317966236e+00   2.164550808125763837e+01   1.794982710842471008e+01   5.321615786536353088e-02   2.487741458504704539e+01
9.290961395278408697e-01   1.137021348741882321e+00   1.165150596168059938e+00   2.195584699970005715e+01   1.823111954594160977e+01   5.178672217735054428e-02   2.580626761587751972e+01
9.310374516610916418e-01   1.121865077432403268e+00   1.148854855878411962e+00   2.234412630563173963e+01   1.851386251663469196e+01   5.020850052882318976e-02   2.678740543596943624e+01
9.329787637943424139e-01   1.106414638816545448e+00   1.132277435733437088e+00   2.268641610049154167e+01   1.881059588774556346e+01   4.876991737767575469e-02   2.782530936269695587e+01
9.349200759275931860e-01   1.090662114975430086e+00   1.115411029007778998e+00   2.307638310826665062e+01   1.912374202269614187e+01   4.726313087533731694e-02   2.892499367569954316e+01
9.368613880608439581e-01   1.074598927578222174e+00   1.098247668878563177e+00   2.348667171430546219e+01   1.943839632939566187e+01   4.575356358064545936e-02   3.009208447405271158e+01
9.388027001940947303e-01   1.058215764049350582e+00   1.080778655161748203e+00   2.384764822766390324e+01   1.978677579167010947e+01   4.437400929211091777e-02   3.133292346067334933e+01
9.407440123273455024e-01   1.041502493028019671e+00   1.062994470250134604e+00   2.434129623532848186e+01   2.012336746582177582e+01   4.278747043538311257e-02   3.265468469019449316e+01
9.426853244605962745e-01   1.024448066542845481e+00   1.044884682284141553e+00   2.477904449803522979e+01   2.051274589706974893e+01   4.134332405852354786e-02   3.406550118887076195e+01
9.446266365938470466e-01   1.007040407588874587e+00   1.026437833079732131e+00   2.525519004717672900e+01   2.087641660281935074e+01   3.987459233954374072e-02   3.557465895120439825e+01
9.465679487270978187e-01   9.892662785703123518e-01   1.007641307923315521e+00   2.578610260883256444e+01   2.131324102122831832e+01   3.836431947771188483e-02   3.719278390424785385e+01
9.485092608603485909e-01   9.711111285195102028e-01   9.884811834252262841e-01   2.624605459834743826e+01   2.171398243877273160e+01   3.700027083616047596e-02   3.893210256474352349e+01
9.504505729935993630e-01   9.525589131166043444e-01   9.689420489034412665e-01   2.688876921955080235e+01   2.220411298137878475e+01   3.542590236610754229e-02   4.080675252068950698e+01
9.523918851268501351e-01   9.335918823413749124e-01   9.490067954061478517e-01   2.745190469534931310e+01   2.265315957246159329e+01   3.400827347690511121e-02   4.283318538520671126e+01
9.543331972601009072e-01   9.141903287066951433e-01   9.286563650454400243e-01   2.810618569841429704e+01   2.320451016096286168e+01   3.252630358726592980e-02   4.503063586632312365e+01
9.562745093933516793e-01   8.943322850899448895e-01   9.078694511426141922e-01   2.879272637806590041e+01   2.371164122222390347e+01   3.106104900754522169e-02   4.742175935029712974e+01
9.582158215266024515e-01   8.739931617966476551e-01   8.866221369759592630e-01   2.946007664714796093e+01   2.434089562433127085e+01   2.966703624925087074e-02   5.003341998539038826e+01
9.601571336598532236e-01   8.531453056191367068e-01   8.648874571021851754e-01   3.031781029370797853e+01   2.493284027728488539e+01   2.814007005631916081e-02   5.289770322551962067e+01
9.620984457931039957e-01   8.317574594727830117e-01   8.426348601466552291e-01   3.103194388746792498e+01   2.564581370536976834e+01   2.680326641763114068e-02   5.605328514146243180e+01
9.640397579263547678e-01   8.097940950509610047e-01   8.198295446829083621e-01   3.207231608187278482e+01   2.635628707932732695e+01   2.524900580874030534e-02   5.954717030490508733e+01
9.659810700596055399e-01   7.872145795712414129e-01   7.964316297514405507e-01   3.293662782557702684e+01   2.716418905043561693e+01   2.390088577798871877e-02   6.343710584895848825e+01
9.679223821928563121e-01   7.639721225915535596e-01   7.723951070116870099e-01   3.414251067336047640e+01   2.803812032760294315e+01   2.237597960795657467e-02   6.779479989865528466e+01
9.698636943261070842e-01   7.400124299675781003e-01   7.476665001805897770e-01   3.520379937019297500e+01   2.895265103501074933e+01   2.102081148076721459e-02   7.271044357629594401e+01
9.718050064593578563e-01   7.152719567521897970e-01   7.221831255807226180e-01   3.664607344679719603e+01   3.005592892163048901e+01   1.951837917343647935e-02   7.829905965126235401e+01
9.737463185926086284e-01   6.896756049676469047e-01   6.958707990147627864e-01   3.791706124834019676e+01   3.117241016391616526e+01   1.818905743909246531e-02   8.470968871023667646e+01
9.756876307258594005e-01   6.631336341785072364e-01   6.686407577696354965e-01   3.976301387311352897e+01   3.250733167979747407e+01   1.667714716733021199e-02   9.213897097357538257e+01
9.776289428591101727e-01   6.355374288144730599e-01   6.403854433302422766e-01   4.134547451211448532e+01   3.403507061755734497e+01   1.537139037135144132e-02   1.008517973885362409e+02
9.795702549923609448e-01   6.067535617777366497e-01   6.109725842167733623e-01   4.373487159175297023e+01   3.566701984326299879e+01   1.387345017133082004e-02   1.112137307339467753e+02
9.809569065161115597e-01   5.853757801190795362e-01   5.891646643775100278e-01   4.513289497817589790e+01   3.710695128737005888e+01   1.297004724385925588e-02   1.199039626882706386e+02
9.823435580398621747e-01   5.632334619550647403e-01   5.666087372897359309e-01   4.748722701992692663e+01   3.861935828756022460e+01   1.186073597682839494e-02   1.299548981270261265e+02
9.837302095636127897e-01   5.402369558511281866e-01   5.432157134776817164e-01   4.927462926818564881e+01   4.038549365471583741e+01   1.096379544350898315e-02   1.417144088793388903e+02
9.851168610873634046e-01   5.162767082623531678e-01   5.188766571346912215e-01   5.226537319287813688e+01   4.243955618011118247e+01   9.877987599114720907e-03   1.556602090734149328e+02
9.865035126111140196e-01   4.912165650999895661e-01   4.934560911455775911e-01   5.463887703295883824e+01   4.459614036566636486e+01   8.990239034445780125e-03   1.724669903926983920e+02
9.874939779852215382e-01   4.725492671294660441e-01   4.745430048485827501e-01   5.764874138863766007e+01   4.672514383052455145e+01   8.197043955284054328e-03   1.867519913663369096e+02
9.884844433593290569e-01   4.531556555758697868e-01   4.549136158403572772e-01   6.028377557909057316e+01   4.872382147100986316e+01   7.517041711850688986e-03   2.034955898060410391e+02
9.894749087334365756e-01   4.329402885173294635e-01   4.344727001594117510e-01   6.319626041639227054e+01   5.140031774832544897e+01   6.850726382617261349e-03   2.233980320234690282e+02
9.904653741075440943e-01   4.117845858206692355e-01   4.131017517833627806e-01   6.742254943207157680e+01   5.409670875068701434e+01   6.107520247888928097e-03   2.474585538584709070e+02
7.854390416672837327e-01   1.650803236661431583e+00   1.747819955439632977e+00   9.858547509802518150e+00   8.246926130002950828e+00   1.674489304859575201e-01   3.326460060085834503e+00
7.873803538005345048e-01   1.651206263838616906e+00   1.748332502773124464e+00   9.962782702591869821e+00   8.332614379775948876e+00   1.657374564045291376e-01   3.409497988903291699e+00
7.893216659337852770e-01   1.651387702865690921e+00   1.748562709995223896e+00   1.006337846180439932e+01   8.418010140945462183e+00   1.640987377284418847e-01   3.494650599253828371e+00
7.912629780670360491e-01   1.651350364534437176e+00   1.748515520856146699e+00   1.016509839053310493e+01   8.502936330977712842e+00   1.624529641614056996e-01   3.581976805335358005e+00
7.932042902002868212e-01   1.651096859233007308e+00   1.748195589911760717e+00   1.026870291689256653e+01   8.589457446410650121e+00   1.607892323495759834e-01   3.671539643944245590e+00
7.951456023335375933e-01   1.650629611945646502e+00   1.747607304037449572e+00   1.036861624775884394e+01   8.676510603145208833e+00   1.591947828431230505e-01   3.763401846138224816e+00
7.970869144667883655e-01   1.649950875460604038e+00   1.746754801772804067e+00   1.047520893538665554e+01   8.762972539305746267e+00   1.575100683564267245e-01   3.857629090677486605e+00
7.990282266000391376e-01   1.649062742371370405e+00   1.745641990717391900e+00   1.057615297803091003e+01   8.849355269826059356e+00   1.559227391847348432e-01   3.954289910983120215e+00
8.009695387332899097e-01   1.647967155955257113e+00   1.744272563239392282e+00   1.068348639343695083e+01   8.938213269694795571e+00   1.542536860408819099e-01   4.053455038780352737e+00
8.029108508665406818e-01   1.646665919503562003e+00   1.742650010659591464e+00   1.078703787510045231e+01   9.026270059040623295e+00   1.526522793902981290e-01   4.155197619341218562e+00
8.048521629997914539e-01   1.645160705650937416e+00   1.740777636093424618e+00   1.089401747450533620e+01   9.113541547278879662e+00   1.510150602843272072e-01   4.259593281456370839e+00
8.067934751330422261e-01   1.643453063782317258e+00   1.738658566097330826e+00   1.099995070890978788e+01   9.204223928497155427e+00   1.494054934674521884e-01   4.366719950489552637e+00
8.087347872662929982e-01   1.641544427520670979e+00   1.736295761232717227e+00   1.110741371129301314e+01   9.293782309887289372e+00   1.477881773550666633e-01   4.476662560234113464e+00
8.106760993995437703e-01   1.639436120924187890e+00   1.733692025674568482e+00   1.121556462928534614e+01   9.382998842697368502e+00   1.461750857057521613e-01   4.589500642817164966e+00
8.126174115327945424e-01   1.637129364879797544e+00   1.730850015942523079e+00   1.132391730891023585e+01   9.475370335175233194e+00   1.445727057359930123e-01   4.705325675798195384e+00
8.145587236660453145e-01   1.634625281792978058e+00   1.727772248861566107e+00   1.143400807413359388e+01   9.566144214825005321e+00   1.429617043467796278e-01   4.824229620421920828e+00
8.165000357992960867e-01   1.631924900807348422e+00   1.724461108798699849e+00   1.154413493684775460e+01   9.658452623503340106e+00   1.413639835063260908e-01   4.946305547445144946e+00
8.184413479325468588e-01   1.629029162056781388e+00   1.720918854269393394e+00   1.165579767114358667e+01   9.752174102576587345e+00   1.397612765782466071e-01   5.071653503289803133e+00
8.203826600657976309e-01   1.625938920634212081e+00   1.717147623949070834e+00   1.176813317892581168e+01   9.843616378962256164e+00   1.381645581260006472e-01   5.200376087241390444e+00
8.223239721990484030e-01   1.622654950247124583e+00   1.713149442152681612e+00   1.188088911638506673e+01   9.940324254650050761e+00   1.365768954117501932e-01   5.332581996425005855e+00
8.242652843322991751e-01   1.619177946105196497e+00   1.708926223829986935e+00   1.199644464890458195e+01   1.003477367561626998e+01   1.349714847601157230e-01   5.468380776123173526e+00
8.262065964655499473e-01   1.615508528431178092e+00   1.704479779091975455e+00   1.210973000260634969e+01   1.013106604089108664e+01   1.334058255703038653e-01   5.607891582721783230e+00
8.281479085988007194e-01   1.611647244381515520e+00   1.699811817345635356e+00   1.222902004328970094e+01   1.022863238616574399e+01   1.317887482951553002e-01   5.751233847997779591e+00
8.300892207320514915e-01   1.607594570753462904e+00   1.694923951026040765e+00   1.234191843768418195e+01   1.032487758273075507e+01   1.302548367071456326e-01   5.898536648540141591e+00
8.320305328653022636e-01   1.603350915882515437e+00   1.689817698972921001e+00   1.246618362185671813e+01   1.042565919461664592e+01   1.286160195066749501e-01   6.049928960060877436e+00
8.339718449985530357e-01   1.598916621803823546e+00   1.684494489487446733e+00   1.257970808971112042e+01   1.052282186690244004e+01   1.271028397798490417e-01   6.205554342318030159e+00
8.359131571318038079e-01   1.594291965181241721e+00   1.678955663058518732e+00   1.270784193586150046e+01   1.062631662006950428e+01   1.254573336076957035e-01   6.365552499340856762e+00
8.378544692650545800e-01   1.589477159247394411e+00   1.673202474805231210e+00   1.282645172076233209e+01   1.072656586690571423e+01   1.239218135967009859e-01   6.530077995153911630e+00
8.397957813983053521e-01   1.584472354856302445e+00   1.667236096646205201e+00   1.295386531365945082e+01   1.083104733359454031e+01   1.223165685678023334e-01   6.699287612119476876e+00
8.417370935315561242e-01   1.579277641055796266e+00   1.661057619194002744e+00   1.307895675281959313e+01   1.093444541948862181e+01   1.207495116699832949e-01   6.873346474585244614e+00
8.436784056648068963e-01   1.573893046324542411e+00   1.654668053403620886e+00   1.320422371916929016e+01   1.104032612466396834e+01   1.191961814490946764e-01   7.052431554500348199e+00
8.456197177980576685e-01   1.568318538824087227e+00   1.648068331983213008e+00   1.333663317151759209e+01   1.114691948281270939e+01   1.175947871291436464e-01   7.236723175116031470e+00
8.475610299313084406e-01   1.562554027045166549e+00   1.641259310568713436e+00   1.345788808616567245e+01   1.125459687298635458e+01   1.161069268105616031e-01   7.426413387075590400e+00
8.495023420645592127e-01   1.556599359571578134e+00   1.634241768668138972e+00   1.359953395194667358e+01   1.136443922704206422e+01   1.144597575969698855e-01   7.621700334018725265e+00
8.514436541978099848e-01   1.550454325798796162e+00   1.627016410391534329e+00   1.372874086574035601e+01   1.147435985407903658e+01   1.129349254211583636e-01   7.822799173729694466e+00
8.533849663310607569e-01   1.544118655072907131e+00   1.619583864963212161e+00   1.386714575623883228e+01   1.158746665946773469e+01   1.113508635602396962e-01   8.029929917415870477e+00
8.553262784643115291e-01   1.537592016851817789e+00   1.611944687016354072e+00   1.400567438455547276e+01   1.170008042053693664e+01   1.097835045021018086e-01   8.243323970382645527e+00
8.572675905975623012e-01   1.530874019912403128e+00   1.604099356674187682e+00   1.413830050730077303e+01   1.181648202710882067e+01   1.082785034256335405e-01   8.463232167868497413e+00
8.592089027308130733e-01   1.523964211843804151e+00   1.596048279419088001e+00   1.428852724338533342e+01   1.193229902139251841e+01   1.066564934149739768e-01   8.689908778163694336e+00
8.611502148640638454e-01   1.516862077910786866e+00   1.587791785750746865e+00   1.442546371921302040e+01   1.205196900938964433e+01   1.051517030880958908e-01   8.923626476008626796e+00
8.630915269973146176e-01   1.509567040554997908e+00   1.579330130611655392e+00   1.457631499087285221e+01   1.217152006936689013e+01   1.035630089978319679e-01   9.164675660982615213e+00
8.650328391305653897e-01   1.502078457364973252e+00   1.570663492599384092e+00   1.472509925346921200e+01   1.229444552217221265e+01   1.020080361774869521e-01   9.413361597492489352e+00
8.669741512638161618e-01   1.494395620091950150e+00   1.561791972951998675e+00   1.486744036547572101e+01   1.241834153215754988e+01   1.005146537235922649e-01   9.670002603495685634e+00
8.689154633970669339e-01   1.486517752959571448e+00   1.552715594285597467e+00   1.503113180061163945e+01   1.254443526098672379e+01   9.889592963978154072e-02   9.934941644014553930e+00
8.708567755303177060e-01   1.478444010373436868e+00   1.543434299096009266e+00   1.518009360930271079e+01   1.267332429635864166e+01   9.739360299250146569e-02   1.020853840672366353e+01
8.727980876635684782e-01   1.470173475254796358e+00   1.533947947986716853e+00   1.534211098894852121e+01   1.280250099359038707e+01   9.582602265840832467e-02   1.049117360656325992e+01
8.747393997968192503e-01   1.461705156215543866e+00   1.524256317650879211e+00   1.550624430203598436e+01   1.293714480176659620e+01   9.426558280289835945e-02   1.078325213065014232e+01
8.766807119300700224e-01   1.453037985147602518e+00   1.514359098537108039e+00   1.565571044360573261e+01   1.306922871658638385e+01   9.281201197362892730e-02   1.108520491151737275e+01
8.786220240633207945e-01   1.444170814199765118e+00   1.504255892239953818e+00   1.583894362973762604e+01   1.321044127556791636e+01   9.117848058303165693e-02   1.139749195028698914e+01
8.805633361965715666e-01   1.435102412261585414e+00   1.493946208550687160e+00   1.600536995162654819e+01   1.334522965108879866e+01   8.966380762200019949e-02   1.172059348378858701e+01
8.825046483298223388e-01   1.425831461657821819e+00   1.483429462158297740e+00   1.617629735301327187e+01   1.349399400572146668e+01   8.814325247255808127e-02   1.205503030915099139e+01
8.844459604630731109e-01   1.416356554071967366e+00   1.472704968998431063e+00   1.636241821502490978e+01   1.363355898236516772e+01   8.656156660091890442e-02   1.240135397582536925e+01
8.863872725963238830e-01   1.406676186097001846e+00   1.461771942189474371e+00   1.653136649279616321e+01   1.378854909372449278e+01   8.509134358070072346e-02   1.276015496043778263e+01
8.883285847295746551e-01   1.396788754572185320e+00   1.450629487530637363e+00   1.672566306992898078e+01   1.393604459059606171e+01   8.351171183661278141e-02   1.313206036402027621e+01
8.902698968628254272e-01   1.386692551212831859e+00   1.439276598544821040e+00   1.691678594065204777e+01   1.409502131318228990e+01   8.197139551671732416e-02   1.351774675584951879e+01
8.922112089960761994e-01   1.376385757041134417e+00   1.427712151001640839e+00   1.709285394297554461e+01   1.425157448782021063e+01   8.052404599214235681e-02   1.391793319197673462e+01
8.941525211293269715e-01   1.365866435783232191e+00   1.415934896885669758e+00   1.731000142825911681e+01   1.441431629185232843e+01   7.890620006266507724e-02   1.433339267353694346e+01
8.960938332625777436e-01   1.355132527367572948e+00   1.403943457751386070e+00   1.750622126751637353e+01   1.458121153526042058e+01   7.740862557713044934e-02   1.476495957066512332e+01
8.980351453958285157e-01   1.344181839856673610e+00   1.391736317413556634e+00   1.770830570335655096e+01   1.474752054689768244e+01   7.590685762793718261e-02   1.521352405552619125e+01
8.999764575290792878e-01   1.333012041690721849e+00   1.379311813893317806e+00   1.793410587770892661e+01   1.492628583188584379e+01   7.432832452202595142e-02   1.568004692228508823e+01
7.116691806037543921e-01   1.347147370427819402e+00   1.332592075955663979e+00   5.501012475783095823e+00   4.502391198328798971e+00   2.448908044397857253e-01   1.242586684769120708e+00
7.136104927370051643e-01   1.379990524526419904e+00   1.378681952717122794e+00   5.728128851951736600e+00   4.702100393795000777e+00   2.409147140704102352e-01   1.290580443195338045e+00
7.155518048702559364e-01   1.405286247164895030e+00   1.414082852083797359e+00   5.914259373482042115e+00   4.865239674460216435e+00   2.376098440095175401e-01   1.333887888789994092e+00
7.174931170035067085e-01   1.426446212232917787e+00   1.443615252296702733e+00   6.078282968482755955e+00   5.009045683934095550e+00   2.346791387681945174e-01   1.375246583540917111e+00
7.194344291367574806e-01   1.444861026622334066e+00   1.469246705738485481e+00   6.229042066016872603e+00   5.140518342445230537e+00   2.319555737959950459e-01   1.415750433605083902e+00
7.213757412700082527e-01   1.461262522771789918e+00   1.492014223086470359e+00   6.369833430501077309e+00   5.263170834315747726e+00   2.294035689810559053e-01   1.455969384791450549e+00
7.233170534032590249e-01   1.476092772324477664e+00   1.512545252120050865e+00   6.503812200847757019e+00   5.379411536295016560e+00   2.269580865407018200e-01   1.496246372010121561e+00
7.252583655365097970e-01   1.489643341647820307e+00   1.531254371000505987e+00   6.632162267685798085e+00   5.490368267578520367e+00   2.246090010351346478e-01   1.536810417793474937e+00
7.271996776697605691e-01   1.502118690573297499e+00   1.548432876473238240e+00   6.754738989435150387e+00   5.597279271995665439e+00   2.223799754398665118e-01   1.577823712577564708e+00
7.291409898030113412e-01   1.513668845611619185e+00   1.564294974549779171e+00   6.875368646604812284e+00   5.700931417415541880e+00   2.201582087324288617e-01   1.619410951179885982e+00
7.310823019362621134e-01   1.524407804610177664e+00   1.579003811800450352e+00   6.991616441548780259e+00   5.801801406599366828e+00   2.180336718060139067e-01   1.661667202219929029e+00
7.330236140695128855e-01   1.534424626365193944e+00   1.592687167176628060e+00   7.105405789475367051e+00   5.900130289433879405e+00   2.159517234945267372e-01   1.704677186989481452e+00
7.349649262027636576e-01   1.543790475459104528e+00   1.605447424673830614e+00   7.217751393514188152e+00   5.996253992377626574e+00   2.138880090614290186e-01   1.748506556671284962e+00
7.369062383360144297e-01   1.552563292317927335e+00   1.617368187861173645e+00   7.327742335202464652e+00   6.091156007193661459e+00   2.118747113772567192e-01   1.793213849054624109e+00
7.388475504692652018e-01   1.560791000611857271e+00   1.628518824499577855e+00   7.435859502733486615e+00   6.183841495811988054e+00   2.099005501701715626e-01   1.838856919463882411e+00
7.407888626025159740e-01   1.568513775933524590e+00   1.638957682897702606e+00   7.542470254776948657e+00   6.275978341137982142e+00   2.079575686679204505e-01   1.885485146654299893e+00
7.427301747357667461e-01   1.575765691858009632e+00   1.648734426436064382e+00   7.647896153512271589e+00   6.366469087950639150e+00   2.060391067332084936e-01   1.933142296487011746e+00
7.446714868690175182e-01   1.582575940584092677e+00   1.657891765390127059e+00   7.752323402993393842e+00   6.455822142258952567e+00   2.041421465947892144e-01   1.981876778981889631e+00
7.466127990022682903e-01   1.588969754739537388e+00   1.666466766296499147e+00   7.855962960941979212e+00   6.544883839519612501e+00   2.022628877757603194e-01   2.031725909603477653e+00
7.485541111355190624e-01   1.594969116360857697e+00   1.674491858616379281e+00   7.958879408586256865e+00   6.632849886929196082e+00   2.004012166135048512e-01   2.082733177323194518e+00
7.504954232687698346e-01   1.600593309936130026e+00   1.681995620252032531e+00   8.061183527315579411e+00   6.719928693887307958e+00   1.985556220761465207e-01   2.134938843338370251e+00
7.524367354020206067e-01   1.605859358636962497e+00   1.689003398659798316e+00   8.162853729868075447e+00   6.806294807076655573e+00   1.967276900676395712e-01   2.188383859356772376e+00
7.543780475352713788e-01   1.610782373809684032e+00   1.695537807858814361e+00   8.263884629099511159e+00   6.892496296714758053e+00   1.949183036919049650e-01   2.243105614728126085e+00
7.563193596685221509e-01   1.615375837929832414e+00   1.701619130425610527e+00   8.364192371538933912e+00   6.978420926374331756e+00   1.931299241067812034e-01   2.299146196377396922e+00
7.582606718017729230e-01   1.619651834126784706e+00   1.707265645832835688e+00   8.463614012629616212e+00   7.063891313273057193e+00   1.913664578405749606e-01   2.356542814255515594e+00
7.602019839350236952e-01   1.623621237253814797e+00   1.712493901022388076e+00   8.563062834063426720e+00   7.148992772927818429e+00   1.896075351444500290e-01   2.415337460040491990e+00
7.621432960682744673e-01   1.627293870447033441e+00   1.717318935195995211e+00   8.663841285650315527e+00   7.233798832071276053e+00   1.878259096392123628e-01   2.475569482166088964e+00
7.640846082015252394e-01   1.630678637572941625e+00   1.721754467986337023e+00   8.763841160597056756e+00   7.318361720086878464e+00   1.860689402843818674e-01   2.537281868005257124e+00
7.660259203347760115e-01   1.633783634421774877e+00   1.725813058044850301e+00   8.862736886000641690e+00   7.402722219719947816e+00   1.843430145153534816e-01   2.600515697716012653e+00
7.679672324680267836e-01   1.636616242309287372e+00   1.729506237571062144e+00   8.960428263887997957e+00   7.486900068579982026e+00   1.826493326111565951e-01   2.665311388769599610e+00
7.699085446012775558e-01   1.639183209037696320e+00   1.732844627094823231e+00   9.061582651390523324e+00   7.570905357514248202e+00   1.808936994892564043e-01   2.731717134579723094e+00
7.718498567345283279e-01   1.641490717320266191e+00   1.735838033959964832e+00   9.161363280184207980e+00   7.654802701323120573e+00   1.791753767554189747e-01   2.799776433376119922e+00
7.737911688677791000e-01   1.643544443967471125e+00   1.738495537252659817e+00   9.259261862188942871e+00   7.739403350351865996e+00   1.775027500495517940e-01   2.869531589310389208e+00
7.757324810010298721e-01   1.645349611682604296e+00   1.740825561383077646e+00   9.359618216862578777e+00   7.824000412700621077e+00   1.757923852832257161e-01   2.941032888526364353e+00
7.776737931342806442e-01   1.646911033456490259e+00   1.742835940136044259e+00   9.460277924669272309e+00   7.908561210646382733e+00   1.740869609297515108e-01   3.014328286526344325e+00
7.796151052675314164e-01   1.648233151642898520e+00   1.744533972647184461e+00   9.558424408798721572e+00   7.993023515458845374e+00   1.724377450875342055e-01   3.089467510602157407e+00
7.815564174007821885e-01   1.649320071912484309e+00   1.745926472511181382e+00   9.659724506317891368e+00   8.077308876460703502e+00   1.707419368775740243e-01   3.166499970053627155e+00
7.834977295340329606e-01   1.650175593718017808e+00   1.747019811031145897e+00   9.760832209886373789e+00   8.161313998468717301e+00   1.690609528198444012e-01   3.245479190316782780e+00
7.854390416672837327e-01   1.650803236657566231e+00   1.747819955439308570e+00   9.858547509786069085e+00   8.246926129989216037e+00   1.674489304858448324e-01   3.326460024696920037e+00
7.873803538005345048e-01   1.651206263788139950e+00   1.748332502772824704e+00   9.962782702584910055e+00   8.332614379769893276e+00   1.657374563995783479e-01   3.409497449094804900e+00
7.893216659337852770e-01   1.651387702806118796e+00   1.748562709994881059e+00   1.006337846179267892e+01   8.418010140936374341e+00   1.640987377227133281e-01   3.494650324662351260e+00
7.912629780670360491e-01   1.651350364467930154e+00   1.748515520856221528e+00   1.016509839051523834e+01   8.502936330962768352e+00   1.624529641551485659e-01   3.581976726542074996e+00
7.932042902002868212e-01   1.651096859218569080e+00   1.748195589911254455e+00   1.026870291689184000e+01   8.589457446409838326e+00   1.607892323481812935e-01   3.671540334201997879e+00
7.951456023335375933e-01   1.650629611924727902e+00   1.747607304037460452e+00   1.036861624775351842e+01   8.676510603140886957e+00   1.591947828411873489e-01   3.763401535957787480e+00
7.970869144667883655e-01   1.649950875465833633e+00   1.746754801772558485e+00   1.047520893538917619e+01   8.762972539307993358e+00   1.575100683568880777e-01   3.857628369494618070e+00
7.990282266000391376e-01   1.649062742407977566e+00   1.745641990717440972e+00   1.057615297802417054e+01   8.849355269821423065e+00   1.559227391882954949e-01   3.954289247812425856e+00
8.009695387332899097e-01   1.647967155926721716e+00   1.744272563240005791e+00   1.068348639342160133e+01   8.938213269683208395e+00   1.542536860384325359e-01   4.053454698385593247e+00
8.029108508665406818e-01   1.646665919540510004e+00   1.742650010659378967e+00   1.078703787509363643e+01   9.026270059035894633e+00   1.526522793938197842e-01   4.155198017592065085e+00
8.048521629997914539e-01   1.645160705624448383e+00   1.740777636093050251e+00   1.089401747449535662e+01   9.113541547270299858e+00   1.510150602820340415e-01   4.259592519379221010e+00
8.067934751330422261e-01   1.643453063800393465e+00   1.738658566095621749e+00   1.099995070889418969e+01   9.204223928485083306e+00   1.494054934693073433e-01   4.366721257271553469e+00
8.087347872662929982e-01   1.641544427493158764e+00   1.736295761232448331e+00   1.110741371127474686e+01   9.293782309872639757e+00   1.477881773528327836e-01   4.476661086285460556e+00
8.106760993995437703e-01   1.639436120944196773e+00   1.733692025674526960e+00   1.121556462928642972e+01   9.382998842698116349e+00   1.461750857075220511e-01   4.589500114268576070e+00
8.126174115327945424e-01   1.637129364949601040e+00   1.730850015942671405e+00   1.132391730891978199e+01   9.475370335183221471e+00   1.445727057420354289e-01   4.705327020583689013e+00
8.145587236660453145e-01   1.634625281772400740e+00   1.727772248862248228e+00   1.143400807412702669e+01   9.566144214820432978e+00   1.429617043450620850e-01   4.824228778232323656e+00
8.165000357992960867e-01   1.631924900764147424e+00   1.724461108799027365e+00   1.154413493685026104e+01   9.658452623505001000e+00   1.413639835025531366e-01   4.946304927560832176e+00
8.184413479325468588e-01   1.629029162022902710e+00   1.720918854268892684e+00   1.165579767111193021e+01   9.752174102551824930e+00   1.397612765757195730e-01   5.071653161549654065e+00
8.203826600657976309e-01   1.625938920603744009e+00   1.717147623947364421e+00   1.176813317893617672e+01   9.843616378970116543e+00   1.381645581232899267e-01   5.200375940395169927e+00
0.000000000000000000e+00   0.000000000000000000e+00   0.000000000000000000e+00   0.000000000000000000e+00   0.000000000000000000e+00   0.000000000000000000e+00   0.000000000000000000e+00
