# freq   mass   ang   radius99   radius95   compactness   kappa
7.419704008832977982e-01   1.478842396812637849e+00   1.427225324037648457e+00   6.507838011618851226e+00   5.251187181469329168e+00   2.272401977695769348e-01   1.309095174201821088e+00
7.416970050379759760e-01   1.489439565005568511e+00   1.441510437528222166e+00   6.561951993346408329e+00   5.301316276329261612e+00   2.269811736684158310e-01   1.318891539671200430e+00
7.414567453230206384e-01   1.500033064716262743e+00   1.455795551368420204e+00   6.615877083002321690e+00   5.351980701638228588e+00   2.267323056182808383e-01   1.329037838527305837e+00
7.413148918930472231e-01   1.507093592966498363e+00   1.465318960602810083e+00   6.652657977113601184e+00   5.385972945444398086e+00   2.265400683683400918e-01   1.336005141590544953e+00
7.411876428211578993e-01   1.514152839789516980e+00   1.474842369946944176e+00   6.688752945513065207e+00   5.420286009811754013e+00   2.263729655025213672e-01   1.343135614773169895e+00
7.410749626567808557e-01   1.521210944335848581e+00   1.484365779486370718e+00   6.726692353713137784e+00   5.454976395246013965e+00   2.261454611486935773e-01   1.350439780158902758e+00
7.409768236325504631e-01   1.528268044875289888e+00   1.493889188898730680e+00   6.763890452723588353e+00   5.489601390660857838e+00   2.259451207196752354e-01   1.357918926198546705e+00
7.408932058838240131e-01   1.535324279979590756e+00   1.503412598530956990e+00   6.801847081823041208e+00   5.524939601946247336e+00   2.257216696450769222e-01   1.365576730403424088e+00
7.408455218748225546e-01   1.540028024239632032e+00   1.509761538324449592e+00   6.827510334298536598e+00   5.548310970794406494e+00   2.255621667100494721e-01   1.370785695064730358e+00
7.408042847594774605e-01   1.544731486075647808e+00   1.516110478012488993e+00   6.852827843220261173e+00   5.572235139504303270e+00   2.254151893811113250e-01   1.376078552778251307e+00
7.407694945868779079e-01   1.549434706788474614e+00   1.522459417948565097e+00   6.878143032509950849e+00   5.595906962195406287e+00   2.252693349738409956e-01   1.381458570346214554e+00
7.407411530750915851e-01   1.554137726898716210e+00   1.528808357823499442e+00   6.904645358888110707e+00   5.619958009829950640e+00   2.250858148562443761e-01   1.386922500938359448e+00
7.407192636436006339e-01   1.558840587714257708e+00   1.535157297831794221e+00   6.930778373792290559e+00   5.644069668780438143e+00   2.249156593448121133e-01   1.392476891782615800e+00
7.407082576359617088e-01   1.561975759757956439e+00   1.539389924347505323e+00   6.947998556999492870e+00   5.660002069585955198e+00   2.248094536784847608e-01   1.396230931184816670e+00
7.407001233208921898e-01   1.565110891461699572e+00   1.543622550976674335e+00   6.965059645608636885e+00   5.676334954204975247e+00   2.247089000089867450e-01   1.400025143293844421e+00
7.406948630369820652e-01   1.568245994715880220e+00   1.547855177647018632e+00   6.983020278742554154e+00   5.692687726686787464e+00   2.245798998307187433e-01   1.403862347381736431e+00
7.406924793842520893e-01   1.571381081760705456e+00   1.552087804201507160e+00   7.001058028954538770e+00   5.708923037136431233e+00   2.244490868754245305e-01   1.407740027791179127e+00
7.406929753150544027e-01   1.574516164906185844e+00   1.556320430925457021e+00   7.018922768837466464e+00   5.725092909607544911e+00   2.243244749602752164e-01   1.411660046983678418e+00
7.406939407046673196e-01   1.575729365259121550e+00   1.557958351694370691e+00   7.025790025785092041e+00   5.731560588709983861e+00   2.242778903833014537e-01   1.413189201825027608e+00
7.406963541786997229e-01   1.577651256167996507e+00   1.560553057556844925e+00   7.036616737490427376e+00   5.741768606953974619e+00   2.242059380273505598e-01   1.415624037727648998e+00
7.407114383914020772e-01   1.583821299863075183e+00   1.568883019291630987e+00   7.071417195613004303e+00   5.774232917586848757e+00   2.239750895825596277e-01   1.423554435520326233e+00
7.407265226041044315e-01   1.587669805791733779e+00   1.574078643669544419e+00   7.094185688657856481e+00   5.794632289449943130e+00   2.237987382160141758e-01   1.428589030723606879e+00
7.407642331358602616e-01   1.594526425281060256e+00   1.583335012047655921e+00   7.134068365339330420e+00   5.831352567087614069e+00   2.235087111062772913e-01   1.437729581494308961e+00
7.409999239593340059e-01   1.618053412947233483e+00   1.615090893620208856e+00   7.273376496212570430e+00   5.959550838803930439e+00   2.224624854480989067e-01   1.470854115575520815e+00
7.412356147828077502e-01   1.632968322511828774e+00   1.635215878533723188e+00   7.364361643276432723e+00   6.042699924822371393e+00   2.217392900581828252e-01   1.493370102008591882e+00
7.406963541786997229e-01   1.577651256147873937e+00   1.560553057579280534e+00   7.036616737311587322e+00   5.741768606853931090e+00   2.242059380301892058e-01   1.415624409197552280e+00
7.407114383914020772e-01   1.583821299859096143e+00   1.568883019325716166e+00   7.071417195913792142e+00   5.774232917813924004e+00   2.239750895724699764e-01   1.423555096159353717e+00
7.407265226041044315e-01   1.587669805785367094e+00   1.574078643702940594e+00   7.094185688745775487e+00   5.794632289544899173e+00   2.237987382123431679e-01   1.428589014639423560e+00
7.407642331358602616e-01   1.594526425223989463e+00   1.583335012025434585e+00   7.134068364968372933e+00   5.831352566813429839e+00   2.235087111098995327e-01   1.437729556108760187e+00
7.409999239593340059e-01   1.618053412973154082e+00   1.615090893627094681e+00   7.273376496285965054e+00   5.959550838858480581e+00   2.224624854494178239e-01   1.470855529773655412e+00
7.412356147828077502e-01   1.632968322508418169e+00   1.635215878536754319e+00   7.364361643316017947e+00   6.042699924854289861e+00   2.217392900565277880e-01   1.493370250039237401e+00
7.418248418414919998e-01   1.659530166023159836e+00   1.671036981959891810e+00   7.533118684485042849e+00   6.195922548858583845e+00   2.202978919529134938e-01   1.536696631361418763e+00
7.432979094882027349e-01   1.703519872634615018e+00   1.730281582261006923e+00   7.827584198316149156e+00   6.462996200573162930e+00   2.176303479432482313e-01   1.619012779796656698e+00
7.443501006644246409e-01   1.726934515127254599e+00   1.761760930770954081e+00   7.994485565981209518e+00   6.613562143208433497e+00   2.160157149417903655e-01   1.669212196555777350e+00
7.454022918406465470e-01   1.746851088979610722e+00   1.788499411297886477e+00   8.141608195625801514e+00   6.747042476519232501e+00   2.145584812000818353e-01   1.716059575566215356e+00
7.464544830168684530e-01   1.764366785225547796e+00   1.811981415373379090e+00   8.276722722319195924e+00   6.868808459531710042e+00   2.131721509127902647e-01   1.760849156883760536e+00
7.475066741930903591e-01   1.780092855768657500e+00   1.833034461291668915e+00   8.402878655627738169e+00   6.981932464017661211e+00   2.118432181067448072e-01   1.804295601729585030e+00
7.485588653693122652e-01   1.794411681925225821e+00   1.852176589240194460e+00   8.521933272074088350e+00   7.088079938395871693e+00   2.105639207250560585e-01   1.846840187721649595e+00
7.493104304951850869e-01   1.803924170860682574e+00   1.864877978590337770e+00   8.604917261409561036e+00   7.161225245261993777e+00   2.096387584051196129e-01   1.876846128186844043e+00
7.500619956210579087e-01   1.812921625449007479e+00   1.876879629504914160e+00   8.683302090637504023e+00   7.231988578046269822e+00   2.087825122891593110e-01   1.906624599849363833e+00
7.508135607469307304e-01   1.821460094834264964e+00   1.888257633263607849e+00   8.760380766845951683e+00   7.300515733110561456e+00   2.079201969996168631e-01   1.936238342401374934e+00
7.515651258728035522e-01   1.829585476876786743e+00   1.899074338853926402e+00   8.835526866475914787e+00   7.366874920673451399e+00   2.070714632557644486e-01   1.965740851328444894e+00
9.904653740000000095e-01   4.254093774611003020e-01   4.268032922625613068e-01   6.881810950000000560e+01   5.549044889999999697e+01   6.181648700000000329e-03   2.562872429999999895e+02
9.855130469999999754e-01   5.339301621689562793e-01   5.366381516946762131e-01   5.452554849999999931e+01   4.459241719999999987e+01   9.792293250000000393e-03   1.683876850000000047e+02
9.805607200000000523e-01   6.287147054991499839e-01   6.330534164661574259e-01   4.714846049999999877e+01   3.847300419999999832e+01   1.333478760000000006e-02   1.250341140000000024e+02
9.756083930000000182e-01   7.148029153092159138e-01   7.210670748200019853e-01   4.176692510000000169e+01   3.445954019999999929e+01   1.711408999999999847e-02   9.906653120000000001e+01
9.706560669999999558e-01   7.946329140244939859e-01   8.030984609405177332e-01   3.802987819999999886e+01   3.146469520000000131e+01   2.089496340000000091e-02   8.169810780000000250e+01
9.637228089999999581e-01   8.983886196305466143e-01   9.103686856830291996e-01   3.441117340000000269e+01   2.844796320000000023e+01   2.610746840000000013e-02   6.514832540000000449e+01
9.567895509999999604e-01   9.946904586529595749e-01   1.010652088001277926e+00   3.149250999999999934e+01   2.614432899999999904e+01   3.158498509999999732e-02   5.373804659999999700e+01
9.498562940000000454e-01   1.084796288311218770e+00   1.105166087822583521e+00   2.928012259999999856e+01   2.439216199999999901e+01   3.704889840000000212e-02   4.535716649999999817e+01
9.429230360000000477e-01   1.169489127052094402e+00   1.194653294153664946e+00   2.752086810000000128e+01   2.289902160000000109e+01   4.249463080000000226e-02   3.891892169999999851e+01
9.359897790000000217e-01   1.249286678053349586e+00   1.279590443689933910e+00   2.601067390000000046e+01   2.170489609999999914e+01   4.802976970000000234e-02   3.380579929999999678e+01
9.262832180000000193e-01   1.353439717953704768e+00   1.391438983187404110e+00   2.416280289999999908e+01   2.025445099999999954e+01   5.601335760000000080e-02   2.818177430000000072e+01
9.165766570000000169e-01   1.449348985393487332e+00   1.495519468328077028e+00   2.272906619999999833e+01   1.903259889999999999e+01   6.376632340000000509e-02   2.380259189999999947e+01
9.068700969999999861e-01   1.537444222592287080e+00   1.592137667588620964e+00   2.139546239999999955e+01   1.799669889999999839e+01   7.185842459999999821e-02   2.029610930000000124e+01
8.971635359999999837e-01   1.618006051545763935e+00   1.681443954538142771e+00   2.029715140000000062e+01   1.707015099999999919e+01   7.971591760000000526e-02   1.742831729999999979e+01
8.874569749999999813e-01   1.691212674064823895e+00   1.763478865940648177e+00   1.924479559999999978e+01   1.622985960000000105e+01   8.787896269999999344e-02   1.504408620000000063e+01
8.777504149999999505e-01   1.757165551425688088e+00   1.838197352989494826e+00   1.833910799999999952e+01   1.545909329999999926e+01   9.581521379999999311e-02   1.303609679999999926e+01
8.680438539999999481e-01   1.815903024054147608e+00   1.905480542857686865e+00   1.746601880000000051e+01   1.474466780000000021e+01   1.039677700000000010e-01   1.132744839999999975e+01
8.583372929999999457e-01   1.867406096807744609e+00   1.965139148592532248e+00   1.666096089999999919e+01   1.407545340000000067e+01   1.120827370000000017e-01   9.861385339999999999e+00
8.486307330000000260e-01   1.911598287778575322e+00   2.016910055242111088e+00   1.590526000000000018e+01   1.344144000000000005e+01   1.201865480000000042e-01   8.594949370000000144e+00
8.389241720000000235e-01   1.948339894736468514e+00   2.060446125981172383e+00   1.517676179999999952e+01   1.283299030000000052e+01   1.283765219999999929e-01   7.494911250000000358e+00
8.292176110000000211e-01   1.977415776008225157e+00   2.095297640665894079e+00   1.447554210000000019e+01   1.224005030000000005e+01   1.366039179999999909e-01   6.535055009999999776e+00
8.195110509999999904e-01   1.998514151039202158e+00   2.120881726148192037e+00   1.379606620000000028e+01   1.166769299999999987e+01   1.448611599999999888e-01   5.694337339999999692e+00
8.098044899999999879e-01   2.011191271974817951e+00   2.136432624334873243e+00   1.312835869999999971e+01   1.110021839999999926e+01   1.531944179999999989e-01   4.955568849999999692e+00
8.000979289999999855e-01   2.014811450099121881e+00   2.140918314891826046e+00   1.246582229999999925e+01   1.053615059999999914e+01   1.616268389999999944e-01   4.304454119999999939e+00
7.903913689999999548e-01   2.008440012198945190e+00   2.132892823435704077e+00   1.180429099999999920e+01   9.966536680000000814e+00   1.701449090000000108e-01   3.728835880000000103e+00
7.806848079999999523e-01   1.990636120616728455e+00   2.110211811650620994e+00   1.113148190000000071e+01   9.385950790000000765e+00   1.788293910000000042e-01   3.218022749999999821e+00
7.709782469999999499e-01   1.959000781169892402e+00   2.069414518961021354e+00   1.043879639999999931e+01   8.780168930000000316e+00   1.876653889999999880e-01   2.761997769999999797e+00
7.612716870000000302e-01   1.908990255514864565e+00   2.004106394190116269e+00   9.689961000000000269e+00   8.124801950000000161e+00   1.970070110000000096e-01   2.349988049999999884e+00
7.515651260000000278e-01   1.829585475039918752e+00   1.899074337560191283e+00   8.835526870000000699e+00   7.366874919999999882e+00   2.070714630000000112e-01   1.965741030000000000e+00
7.418585650000000253e-01   1.483023847689563413e+00   1.432861341000503330e+00   6.529262029999999939e+00   5.270797850000000118e+00   2.271349870000000104e-01   1.312919539999999996e+00
7.408249820000000208e-01   1.602429453814647076e+00   1.594003321620280023e+00   7.180222950000000104e+00   5.874048339999999868e+00   2.231726599999999949e-01   1.448546729999999894e+00
7.413700180000000195e-01   1.639986526933333577e+00   1.644683264902573328e+00   7.408935379999999959e+00   6.082861379999999762e+00   2.213525219999999960e-01   1.504400259999999934e+00
7.423524820000000357e-01   1.677582457731375820e+00   1.695363534452499987e+00   7.651284569999999619e+00   6.303258549999999794e+00   2.192550080000000012e-01   1.568755349999999993e+00
7.438003119999999635e-01   1.715239882020555440e+00   1.746043879601024473e+00   7.909323650000000150e+00   6.537577230000000128e+00   2.168630290000000127e-01   1.643524240000000081e+00
7.457567760000000101e-01   1.752983365366338253e+00   1.796724248622790565e+00   8.189312279999999333e+00   6.789258280000000312e+00   2.140574570000000065e-01   1.731335049999999987e+00
7.497983969999999498e-01   1.809820806495430645e+00   1.872744830007554873e+00   8.654882170000000485e+00   7.207465649999999613e+00   2.091098150000000044e-01   1.896201749999999908e+00
7.555428419999999923e-01   1.867026683360034189e+00   1.948765419350066086e+00   9.205610730000000075e+00   7.696932580000000357e+00   2.028139939999999974e-01   2.121521149999999967e+00
7.638988559999999595e-01   1.924759709248272888e+00   2.024786008692577521e+00   9.901096569999999986e+00   8.309333309999999528e+00   1.943986400000000114e-01   2.457885200000000214e+00
7.779651560000000465e-01   1.983306677388724903e+00   2.100806566204100001e+00   1.094054760000000037e+01   9.218893299999999513e+00   1.812803849999999883e-01   3.085156850000000173e+00
8.078426069999999903e-01   2.012678212840516068e+00   2.138270939526182524e+00   1.299211060000000018e+01   1.098435570000000006e+01   1.549154150000000008e-01   4.817318180000000005e+00
8.153946309999999809e-01   2.004950317254734493e+00   2.128754404985704340e+00   1.351148680000000013e+01   1.142610999999999954e+01   1.483885779999999932e-01   5.369471840000000107e+00
8.229466549999999714e-01   1.991983056857862477e+00   2.112929322620811678e+00   1.403420189999999934e+01   1.187009699999999945e+01   1.419377520000000004e-01   5.979433900000000079e+00
8.304986789999999619e-01   1.974027426952902342e+00   2.091214616093837630e+00   1.455974989999999991e+01   1.232003300000000046e+01   1.355811349999999915e-01   6.654501970000000100e+00
8.380507029999999524e-01   1.951274103119425618e+00   2.063945525398037439e+00   1.511333720000000014e+01   1.277809459999999930e+01   1.291094140000000057e-01   7.403142479999999637e+00
8.456027270000000540e-01   1.923868043679600515e+00   2.031393942880441728e+00   1.566660590000000042e+01   1.324468659999999964e+01   1.228005640000000009e-01   8.235280930000000055e+00
8.531547510000000445e-01   1.891918222022961782e+00   1.993782132397952545e+00   1.625225000000000009e+01   1.373407180000000061e+01   1.164096180000000064e-01   9.162674150000000850e+00
8.607067739999999523e-01   1.855504191747814113e+00   1.951292155268845807e+00   1.686016340000000113e+01   1.423817419999999956e+01   1.100525630000000060e-01   1.019939489999999971e+01
8.682587980000000538e-01   1.814680479337660968e+00   1.904072331963462705e+00   1.748235220000000112e+01   1.475887200000000021e+01   1.038007049999999931e-01   1.136247859999999932e+01
8.758108220000000443e-01   1.769479285816363046e+00   1.852241535308798426e+00   1.814685310000000129e+01   1.531563090000000038e+01   9.750887799999999328e-02   1.267279369999999972e+01
8.833628460000000349e-01   1.719911903227132832e+00   1.795891804608442666e+00   1.886735949999999917e+01   1.589311099999999932e+01   9.115806059999999322e-02   1.415625739999999944e+01
8.909148700000000254e-01   1.665968905618465890e+00   1.735089467684929776e+00   1.962655000000000172e+01   1.651909609999999873e+01   8.488343119999999797e-02   1.584552820000000040e+01
8.984668940000000159e-01   1.607619086684895393e+00   1.669874834506470673e+00   2.043537639999999911e+01   1.718641660000000115e+01   7.866843549999999463e-02   1.778246730000000042e+01
9.060189180000000064e-01   1.544806921245649889e+00   1.600260255496649631e+00   2.130819199999999825e+01   1.790364470000000097e+01   7.249826369999999576e-02   2.002176220000000129e+01
9.135709419999999970e-01   1.477448104927374217e+00   1.526226138681971989e+00   2.226284090000000049e+01   1.871084559999999897e+01   6.636386210000000396e-02   2.263644379999999856e+01
9.211229650000000158e-01   1.405422320571963590e+00   1.447714129902553104e+00   2.338151679999999999e+01   1.958375789999999839e+01   6.010826130000000017e-02   2.572655800000000070e+01
9.286749890000000063e-01   1.328561791017284888e+00   1.364615995839343121e+00   2.463293799999999933e+01   2.059132329999999911e+01   5.393436179999999691e-02   2.943333660000000052e+01
9.362270129999999968e-01   1.246632932511108960e+00   1.276755579822454578e+00   2.605662099999999981e+01   2.174168750000000117e+01   4.784323079999999728e-02   3.396340289999999840e+01
9.437790369999999873e-01   1.159306246574752564e+00   1.183858968237079035e+00   2.769883640000000113e+01   2.308424790000000115e+01   4.185396930000000182e-02   3.963247069999999894e+01
9.513310609999999778e-01   1.066104729928275319e+00   1.085503163054340581e+00   2.971129020000000054e+01   2.473214550000000145e+01   3.588214189999999748e-02   4.694974280000000277e+01
9.588830849999999684e-01   9.663102436374575444e-01   9.810228170346436682e-01   3.234997039999999657e+01   2.679733459999999923e+01   2.987051389999999945e-02   5.679524380000000150e+01
9.664351089999999589e-01   8.587798443306001728e-01   8.693271458600132506e-01   3.555983410000000333e+01   2.947793580000000091e+01   2.415027700000000124e-02   7.083663350000000491e+01
9.739871319999999777e-01   7.415447734250357747e-01   7.485000592973247713e-01   4.055666659999999979e+01   3.332748089999999763e+01   1.828416470000000099e-02   9.267214559999999324e+01
9.815391559999999682e-01   6.107839355963008421e-01   6.147764447733475857e-01   4.834669619999999668e+01   3.958601099999999917e+01   1.263341620000000068e-02   1.317792980000000114e+02
9.890911799999999587e-01   4.573989838746382874e-01   4.591247486690666624e-01   6.391867760000000231e+01   5.196121380000000300e+01   7.155951940000000386e-03   2.239113000000000113e+02
9.921119900000000547e-01   3.844741869604951234e-01   3.855015806604109030e-01   7.729300499999999374e+01   6.135878259999999784e+01   4.974242969999999840e-03   3.101089779999999791e+02
9.951327989999999568e-01   2.984226862380532919e-01   2.988008141117107774e-01   9.894093890000000613e+01   8.067943730000000357e+01   3.016169940000000115e-03   5.090220679999999902e+02
9.963411229999999952e-01   2.575439217351971344e-01   2.576338788942441616e-01   1.210685799999999972e+02   9.571964049999999702e+01   2.127256479999999929e-03   6.856694499999999834e+02
9.975494470000000335e-01   2.092581987829664480e-01   2.096745954626904329e-01   1.573686529999999948e+02   1.211627050000000025e+02   1.329732410000000016e-03   9.937990519999999606e+02
8.673684126399250349e-01   8.140765384945325422e-01   5.734922402532581787e-01   5.788813500775434662e+00   3.722269085827913937e+00   1.406292564763891306e-01   1.338070926520561699e+00
8.367576652320741770e-01   8.755933382943794641e-01   6.458104028813672626e-01   4.995280811815842270e+00   3.348287889565024322e+00   1.752841073965752117e-01   1.173302205576721713e+00
8.483773575544654166e-01   8.485172032490027050e-01   6.136689834138651101e-01   5.197410086454246070e+00   3.415441623649557279e+00   1.632576974174986262e-01   1.213916812218998720e+00
8.244652211518613827e-01   9.089580165477855189e-01   6.859871932068839495e-01   4.871196221699473305e+00   3.340117685640645373e+00   1.865985222477172800e-01   1.145606913320910802e+00
8.064270440211590563e-01   9.679034275480944416e-01   7.583054464558027785e-01   4.818765875468862703e+00   3.418460273661983351e+00   2.008612687483842807e-01   1.123366924162352287e+00
7.920691861578177395e-01   1.025685320670959300e+00   8.306237285523394576e-01   4.875760690691380184e+00   3.551839554284260903e+00   2.103641638173832651e-01   1.117669492017118626e+00
7.840382676904522619e-01   1.063674889412027369e+00   8.788359290079899022e-01   4.947160083625721683e+00   3.656926029669961942e+00   2.150071700595690416e-01   1.119052447010332463e+00
7.770169212622967114e-01   1.101302237362233427e+00   9.270481380378152725e-01   5.036569125117457801e+00   3.770621269784269369e+00   2.186611977328018763e-01   1.123445033322747255e+00
7.708669732610587966e-01   1.138612561634204212e+00   9.752603544006124281e-01   5.139717690011993412e+00   3.891014491471580072e+00   2.215321210826167453e-01   1.130371630351596046e+00
7.654807811356273417e-01   1.175645177301703370e+00   1.023472577635699654e+00   5.253480820717227218e+00   4.016918611292204844e+00   2.237840428893389244e-01   1.139580671834764303e+00
7.607727479723517261e-01   1.212434766793649032e+00   1.071684806290271075e+00   5.376916408204649223e+00   4.147613055195089160e+00   2.254888628998568678e-01   1.150956689092118124e+00
7.579761755330957085e-01   1.236841571633249259e+00   1.103826295162232629e+00   5.463423758513661355e+00   4.237299108993648034e+00   2.263858024386040391e-01   1.159731228837851846e+00
7.554329333175929806e-01   1.261162604289324918e+00   1.135967786174943761e+00   5.553370884559274856e+00   4.328978569806903209e+00   2.270985731919853423e-01   1.169468136464205665e+00
7.531280537843162426e-01   1.285405761187803364e+00   1.168109279210941986e+00   5.646793416667234666e+00   4.422531438586506880e+00   2.276346355072532690e-01   1.180191471839153072e+00
7.510484609528697009e-01   1.309578488803254226e+00   1.200250773917678426e+00   5.743067066409892618e+00   4.517957192389705945e+00   2.280277199726135628e-01   1.191936883096995636e+00
