# freq   mass   ang   radius99   radius95   compactness   kappa
7.473459941173711263e-01   1.051125882075325535e+00   8.952701577078373552e-01   4.235172055459353935e+00   3.244450299608266697e+00   2.481896528195047802e-01   1.057294898065189059e+00
7.425547026344653245e-01   1.082414644011237215e+00   9.372743738100756117e-01   4.352139938918150541e+00   3.361996630650645468e+00   2.487086029408104304e-01   1.065558746749557750e+00
7.397329148913363017e-01   1.103168191040481361e+00   9.652771886620562514e-01   4.433315541189013054e+00   3.441936936802805658e+00   2.488359289545657160e-01   1.071901586184710320e+00
7.371862075246414792e-01   1.123846613464252187e+00   9.932800068922875703e-01   4.516656993768509487e+00   3.523188426487841696e+00   2.488226613211470817e-01   1.078937617926067238e+00
7.348977101262547107e-01   1.144457372844613019e+00   1.021282828039289159e+00   4.602163084124433645e+00   3.605780808463181941e+00   2.486781437173574694e-01   1.086699378905212399e+00
7.328526303926649055e-01   1.165007488034802918e+00   1.049285651943137943e+00   4.690216783201285544e+00   3.689753418706547716e+00   2.483909682399866592e-01   1.095219238440382270e+00
7.310380113930660118e-01   1.185503590011990127e+00   1.077288478391874804e+00   4.780365731396041262e+00   3.775152835141843521e+00   2.479943285983224888e-01   1.104542353594954118e+00
7.299506463745762952e-01   1.199140770455073834e+00   1.095957030917813046e+00   4.841640931122076275e+00   3.832903810710142078e+00   2.476723878359080588e-01   1.111228902931975071e+00
7.289576617838215977e-01   1.212758536447154256e+00   1.114625584250594992e+00   4.903842621150086067e+00   3.891328152049547739e+00   2.473078012774253820e-01   1.118307316384869576e+00
7.280563450656776237e-01   1.226358624733393299e+00   1.133294138889147318e+00   4.966984634507464413e+00   3.950568886248750911e+00   2.469020371461248531e-01   1.125797474296465595e+00
7.272442406508144996e-01   1.239942722797991337e+00   1.151962694212264271e+00   5.031535890264927424e+00   4.010549495564776024e+00   2.464342399300075703e-01   1.133720124494359993e+00
7.265191362309330048e-01   1.253512475557840844e+00   1.170631250798876977e+00   5.097070930521220511e+00   4.071286471752817882e+00   2.459280030913083837e-01   1.142093487295189558e+00
7.260830796491616335e-01   1.262551801793279083e+00   1.183076955469554825e+00   5.141143381571319892e+00   4.112187540216635462e+00   2.455780179792218521e-01   1.147939781023435302e+00
7.256842738139446247e-01   1.271585933461892637e+00   1.195522660682466931e+00   5.185757783309490776e+00   4.153417140768120852e+00   2.452073518656286144e-01   1.154003736022460869e+00
7.253222304357744843e-01   1.280615330872024060e+00   1.207968366254580594e+00   5.231182924946935486e+00   4.195114389329863691e+00   2.448041579209380147e-01   1.160293257771318753e+00
7.249965032343744786e-01   1.289640448843897502e+00   1.220414072178332754e+00   5.276993063521403293e+00   4.237241851180871599e+00   2.443892636052290568e-01   1.166816830725527776e+00
7.247066873408427590e-01   1.298661736799544775e+00   1.232859778575721377e+00   5.323186854084148933e+00   4.279736890874167088e+00   2.439632070783243067e-01   1.173583301244734534e+00
7.245332460751915393e-01   1.304674020659717826e+00   1.241156916297281532e+00   5.354235931029637463e+00   4.308257789229862134e+00   2.436713729962259323e-01   1.178233039885323796e+00
7.243755049078071107e-01   1.310684930763613920e+00   1.249454054177608908e+00   5.385739614228265637e+00   4.336910649501540149e+00   2.433621052345333047e-01   1.182999365937136727e+00
7.242333739391128011e-01   1.316694596826209818e+00   1.257751192293226072e+00   5.417192978194269593e+00   4.365885238050137396e+00   2.430584625887017847e-01   1.187882265644309543e+00
7.241067712084269248e-01   1.322703148102050363e+00   1.266048330481254203e+00   5.449277100067676294e+00   4.395075265255797170e+00   2.427300215813255890e-01   1.192884783229771095e+00
7.239956226742105816e-01   1.328710713079658268e+00   1.274345468844609863e+00   5.481152706785429096e+00   4.424409346394295284e+00   2.424144672040923765e-01   1.198012658379947748e+00
7.239300763153689866e-01   1.332715271682786806e+00   1.279876894513338526e+00   5.502911020995517433e+00   4.443978969435086412e+00   2.421836854344937007e-01   1.201501873449173141e+00
7.238713513429670954e-01   1.336719486577863103e+00   1.285408320168082374e+00   5.524684711380978719e+00   4.463843838116503093e+00   2.419539858671373445e-01   1.205048076636060506e+00
7.238194316523813843e-01   1.340723395490954317e+00   1.290939745967928820e+00   5.546142913581227241e+00   4.483579548093241662e+00   2.417397849968545565e-01   1.208653806611884152e+00
7.237743028266105938e-01   1.344727035955543215e+00   1.296471171834686187e+00   5.568375864646299078e+00   4.503655829608062433e+00   2.414935824453293967e-01   1.212317601034433423e+00
7.237359519911715777e-01   1.348730445567412062e+00   1.302002597691404695e+00   5.590457759045005304e+00   4.523565467202788071e+00   2.412558154804500810e-01   1.216043201257068773e+00
7.237141446473339679e-01   1.351399275573953673e+00   1.305690215014223554e+00   5.604997589839806338e+00   4.537105368752222923e+00   2.411061296482336913e-01   1.218561065924497422e+00
7.236953417547511425e-01   1.354068030684288715e+00   1.309377832364472027e+00   5.619819320431541421e+00   4.550581887817346960e+00   2.409451182463124286e-01   1.221107122710186621e+00
7.236795407335364638e-01   1.356736722027904074e+00   1.313065449681404484e+00   5.634940378998923194e+00   4.563948328246939745e+00   2.407721521037522461e-01   1.223681882666708853e+00
7.236667392108867558e-01   1.359405360578762156e+00   1.316753067038207714e+00   5.649908917206659886e+00   4.577645362749823477e+00   2.406065974689833575e-01   1.226284567599988273e+00
7.236569352076028805e-01   1.362073957513416644e+00   1.320440684514832874e+00   5.664726957944134611e+00   4.591249499479887142e+00   2.404482983249992267e-01   1.228916021411978754e+00
7.236520637074745910e-01   1.363853004364386834e+00   1.322899096062682078e+00   5.674523037920217838e+00   4.600256772871315292e+00   2.403467208169544622e-01   1.230687221722375213e+00
7.236485232823375302e-01   1.365632040946138659e+00   1.325357507688632808e+00   5.684723997556154984e+00   4.609376289073320976e+00   2.402283807504497215e-01   1.232469110513377375e+00
7.236463136200889101e-01   1.367411070371303827e+00   1.327815919312044679e+00   5.694991270727357779e+00   4.618598272347324674e+00   2.401076674866720051e-01   1.234267373754574848e+00
7.236454343987445137e-01   1.369190096154511593e+00   1.330274331075987471e+00   5.705188008556302925e+00   4.627768997376350057e+00   2.399903551120631529e-01   1.236078739188674724e+00
7.236458854631526716e-01   1.370969121241500943e+00   1.332732742631101752e+00   5.715314835676226224e+00   4.636889068169713468e+00   2.398763953795889636e-01   1.237900563130710729e+00
7.236463943664804832e-01   1.371632765761432671e+00   1.333649823604547535e+00   5.719074776511793523e+00   4.640278367622635791e+00   2.398347319036150116e-01   1.238584932200692768e+00
7.236476666248001788e-01   1.372748149161452602e+00   1.335191154280623405e+00   5.725372435725192055e+00   4.645984309290499326e+00   2.397657383117604013e-01   1.239740893059223525e+00
7.236556182392980263e-01   1.376443928909452552e+00   1.340298264487119750e+00   5.746299543413953437e+00   4.665332762477745199e+00   2.395357078951872443e-01   1.243600931887032468e+00
7.237053158299092681e-01   1.386359798390344400e+00   1.354000279540559459e+00   5.803743511265420096e+00   4.717223368429398711e+00   2.388733746933054125e-01   1.254261507542313581e+00
7.244818406832095325e-01   1.432465290231789368e+00   1.417680055421931984e+00   6.082642438311870237e+00   4.968456542536893394e+00   2.355004925506265223e-01   1.310187234007427426e+00
7.252583655365097970e-01   1.456775712244848364e+00   1.451218560095753451e+00   6.238564063508710511e+00   5.108105108419094265e+00   2.335113813715530839e-01   1.344530002240669431e+00
7.271996776697605691e-01   1.498374065823099954e+00   1.508503536779516985e+00   6.522059948374523408e+00   5.360717619426456082e+00   2.297393887335451301e-01   1.412880202812051733e+00
7.291409898030113412e-01   1.528832735191485881e+00   1.550334660183561253e+00   6.745130466767101041e+00   5.558625755634730048e+00   2.266572518832605798e-01   1.472301317002171039e+00
7.310823019362621134e-01   1.553731473207903946e+00   1.584438506972777549e+00   6.938772786883340871e+00   5.730153952554236874e+00   2.239202119638488697e-01   1.528195546363220858e+00
7.330236140695128855e-01   1.575080863006974141e+00   1.613603037923670547e+00   7.114786549080194256e+00   5.885229831078128804e+00   2.213813235494186404e-01   1.582464463109301445e+00
7.349649262027636576e-01   1.593882142516122258e+00   1.639218651760747436e+00   7.278516844337458380e+00   6.029487516737462194e+00   2.189844684849676371e-01   1.636044150352258031e+00
7.369062383360144297e-01   1.610720962895697772e+00   1.662099945049250627e+00   7.431919931177255911e+00   6.165205958299849520e+00   2.167301286628031676e-01   1.689478365591184250e+00
7.388475504692652018e-01   1.625975496551859578e+00   1.682773863747938581e+00   7.580613337495212711e+00   6.294551032285561121e+00   2.144912850929176495e-01   1.743120605733504025e+00
7.407888626025159740e-01   1.639906997981256609e+00   1.701605151205558997e+00   7.721907798540953216e+00   6.418769013056206951e+00   2.123707043343764644e-01   1.797219062034007386e+00
7.427301747357667461e-01   1.652705053044883243e+00   1.718859058250133742e+00   7.859100389381669771e+00   6.538509009852076836e+00   2.102918872594924382e-01   1.851956622518878159e+00
7.446714868690175182e-01   1.664512498962949394e+00   1.734735893279681695e+00   7.993323816578399743e+00   6.655123902011601977e+00   2.082378416236183583e-01   1.907476868991418995e+00
7.466127990022682903e-01   1.675440180541158952e+00   1.749391491358824657e+00   8.123845873041062760e+00   6.768696755726678838e+00   2.062373174879028603e-01   1.963898001705989937e+00
7.485541111355190624e-01   1.685576197250725494e+00   1.762950045946588329e+00   8.251452873593477122e+00   6.879712381378364938e+00   2.042762920751752809e-01   2.021320047087530103e+00
7.504954232687698346e-01   1.694991965131407374e+00   1.775512525612742198e+00   8.376716786873389609e+00   6.988233165457122809e+00   2.023456215909698319e-01   2.079826663910881557e+00
7.524367354020206067e-01   1.703746342051772444e+00   1.787162403980013359e+00   8.500022614073730054e+00   7.095614617563462012e+00   2.004402128567082941e-01   2.139495512265253474e+00
7.543780475352713788e-01   1.711888523499965231e+00   1.797969683776081018e+00   8.621675743657615243e+00   7.200861645393969113e+00   1.985563566061140928e-01   2.200393049235988219e+00
7.563193596685221509e-01   1.719460129783442426e+00   1.807993798478091385e+00   8.741819523528747027e+00   7.304373570961947948e+00   1.966936202646929754e-01   2.262588365130834056e+00
7.582606718017729230e-01   1.726496744222799862e+00   1.817285752697336498e+00   8.860539242919060143e+00   7.406750345512030265e+00   1.948523331243679768e-01   2.326139492939647280e+00
7.602019839350236952e-01   1.733029070777093006e+00   1.825889732530716403e+00   8.977816921800499728e+00   7.508563418588925842e+00   1.930345746490823300e-01   2.391105104519279489e+00
7.621432960682744673e-01   1.739083818959443306e+00   1.833844338306601429e+00   9.093489971028089869e+00   7.609251251827783058e+00   1.912449262604538069e-01   2.457540364334650285e+00
7.640846082015252394e-01   1.744684392159910891e+00   1.841183542875126866e+00   9.208664585084743948e+00   7.708994288734605682e+00   1.894611727943455448e-01   2.525501122733723847e+00
7.660259203347760115e-01   1.749851429089062771e+00   1.847937446813122220e+00   9.324969474365147448e+00   7.807932684328673822e+00   1.876522420689419324e-01   2.595041418206676997e+00
7.679672324680267836e-01   1.754603235922217896e+00   1.854132880904924674e+00   9.439910556644138140e+00   7.906173906078626246e+00   1.858707479688213038e-01   2.666216085124601065e+00
7.699085446012775558e-01   1.758956134606592059e+00   1.859793892145658933e+00   9.553044164493195822e+00   8.003793548026678195e+00   1.841251965676333202e-01   2.739075169738319993e+00
7.718498567345283279e-01   1.762924746456860703e+00   1.864942139748428040e+00   9.664460514378454548e+00   8.100838019695203229e+00   1.824131563095572062e-01   2.813674469089498142e+00
7.737911688677791000e-01   1.766522225371545574e+00   1.869597220761079814e+00   9.779630369080226870e+00   8.197322257740106366e+00   1.806328213545443928e-01   2.890067948749419635e+00
7.757324810010298721e-01   1.769760450959893427e+00   1.873776940065918550e+00   9.892584627436225020e+00   8.293234307217753454e+00   1.788976812037186281e-01   2.968311828804801600e+00
7.776737931342806442e-01   1.772650189628507178e+00   1.877497535972878717e+00   1.000254500344974673e+01   8.389815926212001784e+00   1.772199164329821275e-01   3.048458059628110561e+00
7.796151052675314164e-01   1.775201230530456087e+00   1.880773870066261066e+00   1.011681399296723782e+01   8.486174332597022030e+00   1.754703834393414319e-01   3.130566308430807965e+00
7.815564174007821885e-01   1.777422500142051831e+00   1.883619587976756771e+00   1.022942927625903664e+01   8.582148349168226886e+00   1.737557836454455551e-01   3.214690913311594400e+00
7.834977295340329606e-01   1.779322160135507147e+00   1.886047256400008365e+00   1.033815370296414216e+01   8.677639825901874104e+00   1.721121789498391841e-01   3.300893983531350884e+00
7.854390416672837327e-01   1.780907691217521460e+00   1.888068480500476598e+00   1.045368830178499664e+01   8.772505862975979340e+00   1.703616599046124669e-01   3.389232451550253877e+00
7.873803538005345048e-01   1.782185965016424012e+00   1.889694005030913893e+00   1.056499525033141929e+01   8.867704454541353698e+00   1.686878150712389501e-01   3.479769343242440804e+00
7.893216659337852770e-01   1.783163306312872010e+00   1.890933801872486164e+00   1.067663888625953383e+01   8.964040230611308502e+00   1.670154179896204683e-01   3.572568415724516555e+00
7.912629780670360491e-01   1.783845547550185984e+00   1.891797146147582209e+00   1.079076621994352614e+01   9.059712204638385558e+00   1.653122226161546915e-01   3.667693122398135941e+00
7.932042902002868212e-01   1.784238075617736285e+00   1.892292682679088678e+00   1.089951222000249054e+01   9.154463873293050113e+00   1.636988921709129907e-01   3.765210782961491809e+00
7.951456023335375933e-01   1.784345873712140929e+00   1.892428484259178312e+00   1.101641328390584462e+01   9.250285727619257159e+00   1.619715807429752685e-01   3.865191691922057693e+00
7.970869144667883655e-01   1.784173557258896148e+00   1.892212102920984407e+00   1.112662721101079200e+01   9.347045331499881371e+00   1.603516971875625363e-01   3.967706213684417005e+00
7.990282266000391376e-01   1.783725406277539838e+00   1.891650615212445041e+00   1.124278492534192253e+01   9.442643317606671971e+00   1.586551213175762531e-01   4.072825588999368307e+00
8.009695387332899097e-01   1.783005393769485636e+00   1.890750662309315100e+00   1.135519706014774144e+01   9.538267842782044426e+00   1.570210877296996099e-01   4.180627844133516291e+00
7.757324810010298721e-01   1.769760451014121827e+00   1.873776940063988317e+00   9.892584627410130338e+00   8.293234307195557875e+00   1.788976812096722824e-01   2.968311591676265682e+00
7.776737931342806442e-01   1.772650189657952069e+00   1.877497535974837595e+00   1.000254500346698627e+01   8.389815926225750786e+00   1.772199164356204337e-01   3.048458596956105549e+00
7.796151052675314164e-01   1.775201230544553033e+00   1.880773870065003628e+00   1.011681399295632922e+01   8.486174332588230840e+00   1.754703834409240826e-01   3.130565455687099430e+00
7.815564174007821885e-01   1.777422500104762770e+00   1.883619587974553866e+00   1.022942927623081921e+01   8.582148349145496624e+00   1.737557836422795876e-01   3.214691113122022603e+00
7.834977295340329606e-01   1.779322160145511589e+00   1.886047256399673300e+00   1.033815370294836455e+01   8.677639825889047032e+00   1.721121789510695888e-01   3.300893226641283817e+00
7.854390416672837327e-01   1.780907691222637368e+00   1.888068480499440538e+00   1.045368830178024311e+01   8.772505862971724966e+00   1.703616599051793468e-01   3.389231885863161597e+00
7.873803538005345048e-01   1.782185965004486894e+00   1.889694005030682300e+00   1.056499525032901232e+01   8.867704454539255821e+00   1.686878150701474899e-01   3.479768987803433689e+00
7.893216659337852770e-01   1.783163306289566208e+00   1.890933801872874964e+00   1.067663888625829749e+01   8.964040230610264004e+00   1.670154179874569489e-01   3.572567984963151755e+00
7.912629780670360491e-01   1.783845547566557110e+00   1.891797146148213038e+00   1.079076621994192564e+01   9.059712204637513366e+00   1.653122226176963194e-01   3.667693373604434814e+00
7.932042902002868212e-01   1.784238075587268213e+00   1.892292682679043381e+00   1.089951221999320907e+01   9.154463873285330067e+00   1.636988921682570319e-01   3.765211701201683248e+00
7.951456023335375933e-01   1.784345873695997398e+00   1.892428484258954269e+00   1.101641328390610397e+01   9.250285727619480980e+00   1.619715807415060826e-01   3.865192088737094522e+00
7.970869144667883655e-01   1.784173557266058197e+00   1.892212102921398298e+00   1.112662721101420438e+01   9.347045331502403798e+00   1.603516971881570607e-01   3.967705928673083360e+00
7.990282266000391376e-01   1.783725406303801719e+00   1.891650615212636666e+00   1.124278492532067730e+01   9.442643317589961782e+00   1.586551213202119226e-01   4.072826485360492299e+00
8.009695387332899097e-01   1.783005393847474807e+00   1.890750662309605312e+00   1.135519706015771391e+01   9.538267842788833661e+00   1.570210877364298929e-01   4.180628144990444994e+00
8.029108508665406818e-01   1.782017210833714671e+00   1.889518485654789748e+00   1.147049996423944940e+01   9.636163908141337942e+00   1.553565421201647812e-01   4.291190037809565538e+00
8.048521629997914539e-01   1.780764289011017354e+00   1.887959958726660448e+00   1.158476432008470347e+01   9.732493043107805164e+00   1.537160566938488293e-01   4.404592709892006575e+00
8.067934751330422261e-01   1.779249820674863258e+00   1.886080615422360163e+00   1.170031377135192230e+01   9.829339039005574818e+00   1.520685560614053744e-01   4.520920893356741743e+00
8.087347872662929982e-01   1.777476776199478081e+00   1.883885675485483802e+00   1.181609570614128302e+01   9.928161839018532220e+00   1.504284342649369888e-01   4.640259278992601821e+00
8.106760993995437703e-01   1.775447920946476410e+00   1.881380067337374840e+00   1.193247846571522430e+01   1.002479522737453976e+01   1.487912109833468000e-01   4.762698461889820933e+00
8.126174115327945424e-01   1.773165829138065197e+00   1.878568448625757892e+00   1.204925698979768001e+01   1.012434482193756757e+01   1.471597651738556500e-01   4.888332466151120492e+00
8.145587236660453145e-01   1.770632896631923359e+00   1.875455224747716754e+00   1.216762383002455650e+01   1.022355742458587713e+01   1.455200227560248250e-01   5.017257253396341987e+00
8.165000357992960867e-01   1.767851353073751852e+00   1.872044565583201425e+00   1.228476514684667897e+01   1.032166142876567605e+01   1.439059951038244856e-01   5.149573670433253092e+00
8.184413479325468588e-01   1.764823272141143207e+00   1.868340420636394494e+00   1.240573654963552030e+01   1.042356602223760476e+01   1.422586450292621651e-01   5.285383917687506816e+00
8.203826600657976309e-01   1.761550581244705427e+00   1.864346532755716268e+00   1.252228348809551939e+01   1.052218112387120819e+01   1.406732712064335256e-01   5.424796351828767627e+00
8.223239721990484030e-01   1.758035070217715656e+00   1.860066450582313013e+00   1.264719388275689838e+01   1.062537608045613702e+01   1.390059396981815354e-01   5.567927712053308831e+00
8.242652843322991751e-01   1.754278398785686477e+00   1.855503539854179040e+00   1.276220454386410985e+01   1.072655823404151754e+01   1.374588843766118007e-01   5.714890970033988715e+00
8.262065964655499473e-01   1.750282103705671943e+00   1.850660993690401712e+00   1.289179877653323381e+01   1.082952014315528544e+01   1.357670976754374037e-01   5.865808528768027941e+00
8.281479085988007194e-01   1.746047605656030788e+00   1.845541841938461936e+00   1.300970965929836609e+01   1.093329248296110556e+01   1.342111124215663864e-01   6.020808422667188076e+00
8.300892207320514915e-01   1.741576214325391447e+00   1.840148959688168606e+00   1.313940756926609232e+01   1.103647536630294468e+01   1.325460227292932780e-01   6.180024148754333702e+00
8.320305328653022636e-01   1.736869134051971741e+00   1.834485075028923440e+00   1.326302101352722396e+01   1.114285672207303968e+01   1.309557703543184903e-01   6.343590416376134300e+00
8.339718449985530357e-01   1.731927468761227829e+00   1.828552776086407317e+00   1.338973282790456487e+01   1.124672278584209728e+01   1.293474254506291610e-01   6.511655360796247294e+00
8.359131571318038079e-01   1.726752225465475021e+00   1.822354517462920986e+00   1.351996376567311309e+01   1.135568370662171844e+01   1.277187021646951914e-01   6.684366267311325771e+00
8.378544692650545800e-01   1.721344319032937165e+00   1.815892626048047021e+00   1.364159170187247305e+01   1.146069586211568492e+01   1.261835390364793030e-01   6.861884129954025191e+00
8.397957813983053521e-01   1.715704574808455618e+00   1.809169306343866523e+00   1.378043353789911407e+01   1.157220451508454140e+01   1.245029461583994634e-01   7.044369079920107524e+00
8.417370935315561242e-01   1.709833732476681689e+00   1.802186645238700979e+00   1.390678009572589424e+01   1.167884285708253778e+01   1.229496490709723333e-01   7.231995727420887476e+00
8.436784056648068963e-01   1.703732448327286875e+00   1.794946616365612702e+00   1.404350267535994234e+01   1.179280035851727071e+01   1.213181987223582309e-01   7.424943811781774095e+00
8.456197177980576685e-01   1.697401297636247364e+00   1.787451084008493840e+00   1.417871576438323444e+01   1.190157106142550880e+01   1.197147418597740154e-01   7.623400865293421091e+00
8.475610299313084406e-01   1.690840777041558107e+00   1.779701806608273262e+00   1.430756344770856536e+01   1.201786701289520387e+01   1.181781079092370235e-01   7.827566681619639866e+00
8.495023420645592127e-01   1.684051306280139215e+00   1.771700439892398782e+00   1.445414362701730226e+01   1.212930855252349893e+01   1.165099330500878050e-01   8.037646946878620469e+00
8.514436541978099848e-01   1.677033229740004572e+00   1.763448539653394764e+00   1.458751560973535355e+01   1.224774038834757661e+01   1.149635945287896255e-01   8.253859295366270388e+00
8.533849663310607569e-01   1.669786817642034293e+00   1.754947564178421349e+00   1.473147907934625955e+01   1.236244047575988958e+01   1.133482122635668665e-01   8.476433784955368367e+00
8.553262784643115291e-01   1.662312267350102957e+00   1.746198876352112794e+00   1.487657059472334886e+01   1.248277589566919588e+01   1.117402869677314864e-01   8.705610143574860516e+00
8.572675905975623012e-01   1.654609703895516759e+00   1.737203745459981352e+00   1.500876484081103790e+01   1.260138090407111022e+01   1.102428961640061073e-01   8.941639321556449360e+00
8.592089027308130733e-01   1.646679180727232961e+00   1.727963348670173538e+00   1.516826692307995827e+01   1.272325753856114261e+01   1.085607992711187242e-01   9.184788339433758608e+00
8.611502148640638454e-01   1.638520679877160546e+00   1.718478772241491370e+00   1.531377464525009202e+01   1.284648471070071096e+01   1.069965255356153805e-01   9.435338890427848568e+00
8.630915269973146176e-01   1.630134112182531680e+00   1.708751012417459858e+00   1.546030349545132410e+01   1.296947711005847914e+01   1.054399813472060160e-01   9.693586899834969017e+00
8.650328391305653897e-01   1.621519316974513458e+00   1.698780976052221670e+00   1.562138864254143833e+01   1.309814789793120582e+01   1.038012275399550488e-01   9.959842831396667151e+00
8.669741512638161618e-01   1.612676061771594505e+00   1.688569480956358282e+00   1.576789275873004570e+01   1.322164878339353500e+01   1.022759405107395159e-01   1.023443533004537009e+01
8.689154633970669339e-01   1.603604041537550984e+00   1.678117255925903883e+00   1.592946361732076888e+01   1.335667545866495942e+01   1.006690545307429852e-01   1.051771370146981255e+01
8.708567755303177060e-01   1.594302877999666634e+00   1.667424940519826926e+00   1.609376828132476334e+01   1.348337391298093380e+01   9.906336726928637038e-02   1.081004676620132976e+01
8.727980876635684782e-01   1.584772118270166175e+00   1.656493084522129511e+00   1.624317132635022531e+01   1.362242170252056539e+01   9.756543758787393494e-02   1.111182355767977015e+01
8.747393997968192503e-01   1.575011233395116506e+00   1.645322147101728527e+00   1.642026191224685405e+01   1.375595846491042629e+01   9.591876437856411419e-02   1.142345702693777731e+01
8.766807119300700224e-01   1.565019616832273641e+00   1.633912495680732047e+00   1.658833253267231811e+01   1.389561208079462240e+01   9.434460116770729265e-02   1.174538523404396884e+01
8.786220240633207945e-01   1.554796582431663410e+00   1.622264404455966647e+00   1.674276061652606629e+01   1.403710955967565077e+01   9.286381248842498493e-02   1.207807788463366094e+01
8.805633361965715666e-01   1.544341361893089015e+00   1.610378052598599119e+00   1.693518283745469688e+01   1.417649706936414944e+01   9.119130137039598016e-02   1.242202706750488161e+01
8.825046483298223388e-01   1.533653102330276852e+00   1.598253522094284174e+00   1.710948618399027765e+01   1.432727529501714869e+01   8.963758968783935854e-02   1.277775709547094429e+01
8.844459604630731109e-01   1.522730863321043904e+00   1.585890795214830229e+00   1.727890421830012357e+01   1.446873587136490968e+01   8.812658743187641586e-02   1.314583446925278487e+01
8.863872725963238830e-01   1.511573613372661384e+00   1.573289751570417838e+00   1.747893588140956922e+01   1.462676204774379229e+01   8.647972757771579810e-02   1.352685230653168524e+01
8.883285847295746551e-01   1.500180226338557077e+00   1.560450164756409075e+00   1.766008150266454990e+01   1.477813145271566064e+01   8.494752564489638225e-02   1.392145479406233477e+01
8.902698968628254272e-01   1.488549476810135275e+00   1.547371698535036089e+00   1.784452158018573442e+01   1.493595229457238638e+01   8.341772964443026905e-02   1.433032163208224574e+01
8.922112089960761994e-01   1.476680035967547155e+00   1.534053902509287193e+00   1.805565206984307025e+01   1.509886731514561475e+01   8.178491866455098180e-02   1.475418626975404734e+01
8.941525211293269715e-01   1.464570465806787070e+00   1.520496207280799039e+00   1.824652482667709918e+01   1.525503335765939994e+01   8.026572071770787797e-02   1.519382965729345258e+01
8.960938332625777436e-01   1.452219213948524157e+00   1.506697918994619023e+00   1.844794721882340482e+01   1.543143505901884538e+01   7.871982702046918801e-02   1.565009750634814267e+01
8.980351453958285157e-01   1.439624606487882374e+00   1.492658213272070489e+00   1.867083114300985258e+01   1.559669753298675587e+01   7.710554476450617867e-02   1.612389061682785041e+01
8.999764575290792878e-01   1.426784841415269511e+00   1.478376128423498637e+00   1.887216081951349622e+01   1.577646470202980566e+01   7.560262203467438269e-02   1.661617957797022171e+01
9.019177696623300600e-01   1.413697980842357538e+00   1.463850557891597903e+00   1.909201765380559124e+01   1.595614509971441564e+01   7.404654691174385184e-02   1.712801727102987215e+01
9.038590817955808321e-01   1.400361941678852418e+00   1.449080241847659156e+00   1.933098874770125519e+01   1.613436855276496829e+01   7.244129930215682800e-02   1.766053164952827714e+01
9.058003939288316042e-01   1.386774486583021826e+00   1.434063757836893771e+00   1.954629694886212121e+01   1.633098387823504183e+01   7.094819495534944453e-02   1.821494765803642224e+01
9.077417060620823763e-01   1.372933212868815644e+00   1.418799510369741501e+00   1.978762441742474465e+01   1.651507472539156751e+01   6.938342793993133861e-02   1.879258820848863110e+01
9.096830181953331484e-01   1.358835540965287692e+00   1.403285719348065230e+00   2.004343651130883330e+01   1.672232158197685337e+01   6.779453913497371365e-02   1.939489222134793778e+01
9.116243303285839206e-01   1.344478700943113614e+00   1.387520407181746185e+00   2.027358274175313113e+01   1.692452714159286487e+01   6.631677873956538793e-02   2.002341929043632263e+01
9.135656424618346927e-01   1.329859718028501669e+00   1.371501384419314462e+00   2.054034275066740278e+01   1.713108333990723509e+01   6.474379391674423001e-02   2.067987076309331940e+01
9.155069545950854648e-01   1.314975396407703556e+00   1.355226233746849474e+00   2.081849070816520708e+01   1.735469486329631650e+01   6.316381983886842910e-02   2.136609856957563736e+01
9.174482667283362369e-01   1.299822300755522519e+00   1.338692292108162540e+00   2.106783326282508995e+01   1.756381701498812831e+01   6.169700911052411474e-02   2.208412845482742881e+01
9.193895788615870091e-01   1.284396736445842180e+00   1.321896630713445875e+00   2.136562360303343411e+01   1.780760699596253716e+01   6.011510641156699725e-02   2.283618357453587677e+01
9.213308909948377812e-01   1.268694726339731460e+00   1.304836032649095312e+00   2.166680660701002736e+01   1.803962737399241334e+01   5.855476302305024500e-02   2.362469612836897426e+01
9.232722031280885533e-01   1.252711985761948199e+00   1.287506967749483699e+00   2.193623066033857683e+01   1.828526681111737773e+01   5.710698456626336211e-02   2.445234964431059410e+01
9.252135152613393254e-01   1.236443894029207513e+00   1.269905564371327955e+00   2.227417315241443418e+01   1.854450301598698658e+01   5.551020392849832091e-02   2.532210064866275090e+01
9.271548273945900975e-01   1.219885461897888490e+00   1.252027577551366289e+00   2.260524675149061480e+01   1.879051826021893845e+01   5.396470453557194319e-02   2.623721912506029241e+01
9.290961395278408697e-01   1.203031295361483899e+00   1.233868353075044499e+00   2.289999587510519419e+01   1.908222974312513287e+01   5.253412716415861022e-02   2.720132629841361194e+01
9.310374516610916418e-01   1.185875555383859137e+00   1.215422786761853002e+00   2.328890059408191604e+01   1.935332435941239382e+01   5.092020340733512812e-02   2.821845620562914192e+01
9.329787637943424139e-01   1.168411910365989570e+00   1.196685278256866214e+00   2.365000401730058144e+01   1.965698975504234625e+01   4.940430071433672687e-02   2.929310112297395108e+01
9.349200759275931860e-01   1.150633483477236041e+00   1.177649678383953402e+00   2.397527476595233153e+01   1.996278024490707992e+01   4.799250455770662921e-02   3.043029161970916974e+01
9.368613880608439581e-01   1.132532792278198031e+00   1.158309229016095898e+00   2.443066642326951765e+01   2.027478708180870726e+01   4.635701591830063834e-02   3.163566951905423252e+01
9.388027001940947303e-01   1.114101679092755148e+00   1.138656494096209393e+00   2.482968997450350912e+01   2.062197411442694417e+01   4.486973781133699046e-02   3.291558777187871954e+01
9.407440123273455024e-01   1.095331231221848611e+00   1.118683280321582707e+00   2.523450358355390932e+01   2.094380424438049104e+01   4.340609386648323909e-02   3.427723406476699353e+01
9.426853244605962745e-01   1.076211688966736801e+00   1.098380545461554725e+00   2.573333361856161261e+01   2.133937557221507220e+01   4.182169729422303278e-02   3.572876358099541960e+01
9.446266365938470466e-01   1.056732338335109489e+00   1.077738292018146415e+00   2.616869022654231713e+01   2.170531402750502892e+01   4.038155250365910859e-02   3.727946993917348806e+01
9.465679487270978187e-01   1.036881386670415850e+00   1.056745443317260280e+00   2.668430710793844085e+01   2.212706114096454613e+01   3.885734722195387930e-02   3.893999583773924655e+01
9.485092608603485909e-01   1.016645816531877244e+00   1.035389698380271728e+00   2.723759396025677759e+01   2.254525782365219655e+01   3.732509626273513431e-02   4.072258193425513895e+01
9.504505729935993630e-01   9.960112144586900085e-01   1.013657361095467557e+00   2.771648950967517777e+01   2.299972834747716988e+01   3.593569142697548152e-02   4.264138812030338244e+01
9.523918851268501351e-01   9.749615670959883573e-01   9.915331380147686113e-01   2.839089714597432845e+01   2.348037918520803302e+01   3.434063961005306281e-02   4.471287017904293037e+01
9.543331972601009072e-01   9.534790196806852691e-01   9.689998974837473744e-01   2.899044219454965443e+01   2.397887603340917906e+01   3.288942656624755517e-02   4.695628917465104024e+01
9.562745093933516793e-01   9.315435856614158183e-01   9.460383809196302174e-01   2.964387343094792016e+01   2.453365241884633718e+01   3.142448937489029925e-02   4.939430621993782466e+01
9.582158215266024515e-01   9.091327965794561150e-01   9.226268541775984877e-01   3.041622194835368376e+01   2.509182605524400245e+01   2.988973443589249684e-02   5.205380475694357045e+01
9.601571336598532236e-01   8.862212757643419536e-01   8.987406833396256456e-01   3.106816243716486170e+01   2.573444306199737497e+01   2.852506251558064795e-02   5.496689270733642019e+01
9.620984457931039957e-01   8.627802155241397486e-01   8.743518140978794317e-01   3.202291784637521488e+01   2.637842689946962338e+01   2.694258592122019194e-02   5.817224537732803213e+01
9.640397579263547678e-01   8.387767296859465205e-01   8.494281269227424991e-01   3.284001865307388357e+01   2.712425499246912608e+01   2.554129882040842223e-02   6.171689763699937714e+01
9.659810700596055399e-01   8.141730429657627610e-01   8.239326301255867069e-01   3.387703299023634429e+01   2.789063325723882869e+01   2.403318623565453560e-02   6.565859891321002806e+01
9.679223821928563121e-01   7.889254657751508804e-01   7.978224385635260818e-01   3.492435049182856943e+01   2.875662445194661032e+01   2.258955298137154538e-02   7.006908077640588317e+01
9.698636943261070842e-01   7.629830800766512766e-01   7.710474647227275602e-01   3.609007707394095377e+01   2.970370057038257983e+01   2.114107649350429122e-02   7.503854644896904347e+01
9.718050064593578563e-01   7.362860317124386711e-01   7.435487173828493335e-01   3.740226122020658295e+01   3.070672326344928038e+01   1.968560209174358491e-02   8.068203306723343360e+01
9.737463185926086284e-01   7.087632758401696265e-01   7.152560549420583502e-01   3.880095746647240418e+01   3.191475299896405105e+01   1.826664397270625143e-02   8.714859261248467703e+01
9.756876307258594005e-01   6.803295455791840141e-01   6.860851649424009047e-01   4.047461864428107958e+01   3.312413623454474276e+01   1.680879445853190532e-02   9.463488117680049072e+01
9.776289428591101727e-01   6.508811938858798385e-01   6.559334190011731902e-01   4.231404727182619752e+01   3.466273709994961649e+01   1.538215405642025593e-02   1.034057969106271031e+02
9.795702549923609448e-01   6.202903512684088128e-01   6.246740482455643839e-01   4.434206773620920927e+01   3.637307560874610601e+01   1.398875566557955183e-02   1.138269273907379358e+02
9.809569065161115597e-01   5.976529685591458474e-01   6.015811551063171558e-01   4.610925687482740898e+01   3.765503660839971900e+01   1.296166993498922872e-02   1.225601271906468099e+02
9.823435580398621747e-01   5.742798263357826727e-01   5.777713841921370275e-01   4.813561544393120784e+01   3.928792993917098642e+01   1.193045567277952260e-02   1.326546162184659465e+02
9.837302095636127897e-01   5.500840906257735696e-01   5.531584234591526705e-01   5.004733544713885607e+01   4.088334473711404371e+01   1.099127627297531197e-02   1.444582951792209826e+02
9.851168610873634046e-01   5.249593442223385864e-01   5.276364259010488666e-01   5.290274033125607644e+01   4.303756033497951705e+01   9.923103055441936590e-03   1.584489472135865640e+02
9.865035126111140196e-01   4.987729568058512086e-01   5.010733805036101662e-01   5.518714651446940422e+01   4.512991472860451125e+01   9.037846460771058882e-03   1.753014149618269073e+02
9.874939779852215382e-01   4.793268149177265514e-01   4.813711662999005103e-01   5.835652158357888197e+01   4.727724673680994272e+01   8.213766035236167232e-03   1.896197967148170846e+02
9.884844433593290569e-01   4.591775493087197901e-01   4.609768967322753208e-01   6.074573354847293416e+01   4.913798160111623758e+01   7.559009044516886919e-03   2.063977236940127966e+02
9.894749087334365756e-01   4.382315522650515605e-01   4.397971396196405092e-01   6.403510899897550246e+01   5.194233904573157190e+01   6.843613747453179338e-03   2.263361395057024765e+02
9.904653741075440943e-01   4.163723150376199555e-01   4.177154026147009702e-01   6.792242124530294234e+01   5.448185700471793069e+01   6.130115908764272384e-03   2.504356281719348090e+02
0.000000000000000000e+00   0.000000000000000000e+00   0.000000000000000000e+00   0.000000000000000000e+00   0.000000000000000000e+00   0.000000000000000000e+00   0.000000000000000000e+00
