# freq   mass   ang   radius99   radius95   compactness   kappa
4.291539084760360168e-01   1.342975951004632629e+00   1.709953262038320432e+00   3.203341662049099092e+00   2.970597490994241419e+00   4.192421829101938280e-01   9.802454361495910318e-01
4.292781524525640657e-01   1.346987238835026801e+00   1.719298940454997204e+00   3.227244237178102271e+00   2.992018793456518555e+00   4.173800121223024684e-01   9.805911652397908407e-01
4.294023964290921147e-01   1.348663878200113686e+00   1.723203988690217292e+00   3.238230064942891673e+00   3.001816544839266410e+00   4.164817975105478687e-01   9.807823346393890196e-01
4.301789212823924347e-01   1.353512904218973745e+00   1.734487548330652551e+00   3.275883029291359883e+00   3.035191302476767383e+00   4.131749797280662162e-01   9.816253171897364460e-01
4.321202334156432068e-01   1.357397747344407657e+00   1.743502031664910135e+00   3.324947929391568024e+00   3.078123506937321618e+00   4.082463172867786261e-01   9.832674960628418059e-01
4.340615455488939789e-01   1.358132098193322923e+00   1.745198830778322163e+00   3.357003444660869640e+00   3.105702880689952927e+00   4.045667871903312895e-01   9.847859404348050516e-01
4.360028576821447510e-01   1.357528301929392001e+00   1.743811467192608822e+00   3.381934910483611834e+00   3.126785006168470105e+00   4.014058040328361554e-01   9.862839167763284287e-01
4.379441698153955231e-01   1.356132243159777095e+00   1.740616959033175482e+00   3.402663442417157125e+00   3.144133598515101991e+00   3.985502140042445074e-01   9.877889022248792505e-01
4.398854819486462953e-01   1.354198620874171866e+00   1.736211706588392412e+00   3.420578604193536876e+00   3.158813761219428695e+00   3.958975300886116711e-01   9.893131296566897159e-01
4.418267940818970674e-01   1.351871518034841069e+00   1.730933249342120339e+00   3.436476480509900622e+00   3.171638822782823830e+00   3.933888463087202303e-01   9.908636543496345261e-01
4.437681062151478395e-01   1.349242195292163160e+00   1.724995370478292545e+00   3.450767844761539749e+00   3.183039032074603369e+00   3.909976723993150993e-01   9.924406096558401336e-01
4.457094183483986116e-01   1.346372970015067949e+00   1.718543962205747455e+00   3.463767773910006564e+00   3.193311740763674411e+00   3.887018581777614834e-01   9.940473780528575887e-01
4.476507304816493837e-01   1.343308749632001309e+00   1.711684032667831090e+00   3.475871424730403447e+00   3.202599466676498974e+00   3.864667548041399447e-01   9.956874624853899736e-01
4.495920426149001559e-01   1.340083234172994020e+00   1.704494241930838649e+00   3.487048099244010047e+00   3.211059304840872208e+00   3.843030540540932627e-01   9.973587923606689332e-01
4.515333547481509280e-01   1.336722525859954658e+00   1.697035368664371768e+00   3.497481832538646085e+00   3.218919992749998293e+00   3.821957024690804672e-01   9.990632188800829816e-01
4.534746668814017001e-01   1.333247361543953957e+00   1.689355550747037027e+00   3.507453927026929819e+00   3.226169357086257072e+00   3.801182821734375161e-01   1.000801968182705171e+00
4.554159790146524722e-01   1.329674561080764761e+00   1.681493689751969889e+00   3.516845990980298708e+00   3.232860618480279502e+00   3.780872305727912552e-01   1.002573657837716015e+00
4.573572911479032443e-01   1.326018005981381975e+00   1.673481751600653711e+00   3.525758975096616510e+00   3.239245922693795521e+00   3.760943431889143818e-01   1.004379330057416198e+00
4.592986032811540165e-01   1.322289321597963641e+00   1.665346373175823791e+00   3.534271089555613532e+00   3.245209140847178375e+00   3.741335308164557838e-01   1.006219260123763837e+00
4.612399154144047886e-01   1.318498366764174534e+00   1.657110015854140306e+00   3.542449728940988862e+00   3.250815606719717810e+00   3.721995984847293881e-01   1.008094033696386393e+00
4.631812275476555607e-01   1.314653592915988156e+00   1.648791813687293883e+00   3.550338413134484838e+00   3.256117088177654217e+00   3.702896569105706415e-01   1.010003546396563978e+00
4.651225396809063328e-01   1.310762314519024585e+00   1.640408210067320072e+00   3.557984187602522663e+00   3.261154022795361485e+00   3.684002641400876410e-01   1.011947460133923338e+00
4.670638518141571049e-01   1.306830914256920551e+00   1.631973444341350055e+00   3.565410368875733926e+00   3.265961781404548958e+00   3.665302949878945227e-01   1.013925644097581902e+00
8.766807119300700224e-01   9.068575885468135311e-01   9.287310840318143690e-01   1.138068758424613769e+01   9.246880797337603042e+00   7.968390150715873310e-02   7.581838580874582512e+00
8.786220240633207945e-01   9.062066661126663147e-01   9.279895590050650789e-01   1.153746146474312262e+01   9.377435092650165060e+00   7.854471877387482481e-02   7.802728710565178361e+00
8.805633361965715666e-01   9.054733031844081070e-01   9.271559474176801485e-01   1.170595250861316572e+01   9.513622668770493007e+00   7.735152714126992957e-02   8.033088706379142963e+00
8.825046483298223388e-01   9.046527339272643076e-01   9.262252486834671172e-01   1.187013058012502853e+01   9.652168735770226604e+00   7.621253429528285217e-02   8.273430519778287362e+00
8.844459604630731109e-01   9.037400395008035048e-01   9.251923218790139014e-01   1.204591001987539300e+01   9.792929080367983374e+00   7.502463807297740650e-02   8.524291344198545062e+00
8.863872725963238830e-01   9.027301422914888462e-01   9.240518808002090578e-01   1.222398879975300723e+01   9.937575701348498214e+00   7.384906490667997314e-02   8.786246630971543681e+00
8.883285847295746551e-01   9.016178006000928891e-01   9.227984885475234433e-01   1.240181528096704433e+01   1.008922411372209282e+01   7.270047006616826846e-02   9.059923058225676229e+00
8.902698968628254272e-01   9.003976012422754138e-01   9.214265515837549714e-01   1.259484773934246427e+01   1.024354187981687936e+01   7.148935976651053792e-02   9.345975066912046714e+00
8.922112089960761994e-01   8.990639534414412992e-01   9.199303132057923271e-01   1.278195992589704133e+01   1.040029390764944495e+01   7.033850510044881155e-02   9.645118111015527518e+00
8.941525211293269715e-01   8.976110806185033653e-01   9.183038463735351264e-01   1.298393354196279681e+01   1.056191525971094691e+01   6.913244570434010083e-02   9.958112614259098549e+00
8.960938332625777436e-01   8.960330120326034375e-01   9.165410458265348392e-01   1.318803813058528540e+01   1.073154429546053379e+01   6.794285876036040839e-02   1.028577695318005958e+01
8.980351453958285157e-01   8.943235737527858165e-01   9.146356193950900826e-01   1.339249330478436306e+01   1.090411272321241043e+01   6.677797430246208699e-02   1.062899326720316751e+01
8.999764575290792878e-01   8.924763788712652968e-01   9.125810784442991430e-01   1.361507665487705410e+01   1.107931156523118865e+01   6.555059523308461034e-02   1.098871468065242851e+01
9.019177696623300600e-01   8.904848157307014844e-01   9.103707273311528736e-01   1.382922161764696511e+01   1.126193556577794830e+01   6.439153557235544056e-02   1.136596183553195694e+01
9.038590817955808321e-01   8.883420364269341007e-01   9.079976517876374720e-01   1.406513824293266168e+01   1.145255945396078978e+01   6.315914007267586783e-02   1.176184586936238041e+01
9.058003939288316042e-01   8.860409436814505879e-01   9.054547060958136884e-01   1.429991319790997295e+01   1.164645912676093609e+01   6.196128126224929866e-02   1.217756870379326450e+01
9.077417060620823763e-01   8.835741755509616269e-01   9.027344989214222126e-01   1.454062350080205945e+01   1.184314566446536077e+01   6.076590701232473246e-02   1.261443071522781523e+01
9.096830181953331484e-01   8.809340895604691468e-01   8.998293776616678175e-01   1.479819659965081513e+01   1.205220977707124952e+01   5.952982741027080388e-02   1.307384229088341776e+01
9.116243303285839206e-01   8.781127452392638588e-01   8.967314111237608687e-01   1.504319915436657062e+01   1.226772036724412196e+01   5.837273948370052395e-02   1.355734038835704780e+01
9.135656424618346927e-01   8.751018839844846298e-01   8.934323703423027174e-01   1.532636122863165973e+01   1.248674853422106601e+01   5.709782452143168791e-02   1.406660528949830180e+01
9.155069545950854648e-01   8.718929075182586530e-01   8.899237073106789353e-01   1.559760565343818861e+01   1.271117467438797988e+01   5.589915060623852627e-02   1.460345990213179235e+01
9.174482667283362369e-01   8.684768536811589001e-01   8.861965313682045320e-01   1.588740717828355287e+01   1.295192437598122837e+01   5.466448010901849008e-02   1.516990873013463315e+01
9.193895788615870091e-01   8.648443700327561601e-01   8.822415829489858030e-01   1.618774721406697026e+01   1.319716545885985326e+01   5.342586331476786160e-02   1.576814439867591311e+01
9.213308909948377812e-01   8.609856832921423120e-01   8.780492043511357592e-01   1.648575485468277435e+01   1.344610894265457368e+01   5.222603944323359754e-02   1.640057779954886286e+01
9.232722031280885533e-01   8.568905670192634716e-01   8.736093071332980964e-01   1.681850963779823971e+01   1.371015844648546533e+01   5.094925682912303938e-02   1.706986535940825078e+01
9.252135152613393254e-01   8.525483040979224825e-01   8.689113356764019969e-01   1.713227419603117241e+01   1.398655617187080935e+01   4.976270484250258641e-02   1.777893511530218262e+01
9.271548273945900975e-01   8.479476453304641836e-01   8.639442263864186566e-01   1.749436829549673433e+01   1.426794697165841619e+01   4.846974929347613870e-02   1.853102956783190436e+01
9.290961395278408697e-01   8.430767633694813412e-01   8.586963618961253042e-01   1.784717263074077920e+01   1.455654600870232684e+01   4.723867364387610707e-02   1.932974827283025121e+01
9.310374516610916418e-01   8.379232000244201117e-01   8.531555195501453470e-01   1.822036345940701452e+01   1.487053248519750070e+01   4.598828129258902137e-02   2.017909372640423626e+01
9.329787637943424139e-01   8.324738075881441546e-01   8.473088132840167486e-01   1.861722453185058512e+01   1.519134388729905716e+01   4.471524776230405979e-02   2.108353016769998334e+01
9.349200759275931860e-01   8.267146823741313710e-01   8.411426278762006437e-01   1.900475637895757686e+01   1.551745947393161806e+01   4.350040936538841080e-02   2.204805649786336375e+01
9.368613880608439581e-01   8.206310891852126588e-01   8.346425443332936567e-01   1.945176420878452106e+01   1.586949426812423525e+01   4.218800312285356929e-02   2.307829328524397283e+01
9.388027001940947303e-01   8.142073753380146828e-01   8.277932549416436858e-01   1.986990685932959977e+01   1.623911603557795402e+01   4.097690950955396733e-02   2.418056075799031035e+01
9.407440123273455024e-01   8.074268724533338881e-01   8.205784661911305067e-01   2.035976205471975220e+01   1.661657945963492011e+01   3.965797194894810779e-02   2.536201807507312012e+01
9.426853244605962745e-01   8.002717840062132382e-01   8.129807874095058562e-01   2.084159311557955263e+01   1.701063759533236208e+01   3.839782206514685131e-02   2.663079138850588024e+01
9.446266365938470466e-01   7.927230559956796041e-01   8.049816024848004403e-01   2.135093084134883767e+01   1.744204131046765127e+01   3.712826676673360721e-02   2.799614712446036791e+01
9.465679487270978187e-01   7.847602264557735907e-01   7.965609214282102224e-01   2.190755246712961224e+01   1.788534716652595691e+01   3.582144685643174481e-02   2.946869166470223078e+01
9.485092608603485909e-01   7.763612520160450003e-01   7.876972077653797699e-01   2.244199852035745124e+01   1.833827449467557713e+01   3.459412276993944352e-02   3.106064613309135325e+01
9.504505729935993630e-01   7.675023034800005917e-01   7.783671767998034952e-01   2.308658537392711807e+01   1.884266789658986596e+01   3.324451368831619902e-02   3.278612655892806771e+01
9.523918851268501351e-01   7.581575275204386344e-01   7.685455584477665081e-01   2.369125912918856969e+01   1.937286903053525222e+01   3.200157169301139082e-02   3.466156900204796898e+01
9.543331972601009072e-01   7.482987630132811319e-01   7.582048167657545745e-01   2.439894690769500230e+01   1.991991594383210185e+01   3.066930576324508259e-02   3.670619802070048365e+01
9.562745093933516793e-01   7.378952049150483417e-01   7.473148160162198517e-01   2.512554616581422451e+01   2.050145431703291621e+01   2.936832497273342626e-02   3.894265158092009926e+01
9.582158215266024515e-01   7.269130006059184579e-01   7.358424202417375160e-01   2.586537975295379255e+01   2.115016056519617749e+01   2.810370493489105018e-02   4.139777235258755184e+01
9.601571336598532236e-01   7.153147625184601566e-01   7.237510093049985826e-01   2.674426185278388957e+01   2.182859039286535108e+01   2.674647617705705818e-02   4.410364098966859103e+01
9.620984457931039957e-01   7.030589737938726103e-01   7.109998889647225484e-01   2.756942124358964818e+01   2.253442415069440585e+01   2.550140489283378095e-02   4.709890964317533957e+01
9.640397579263547678e-01   6.900992577874376366e-01   6.975435650001790000e-01   2.858821343205474363e+01   2.332332281237692939e+01   2.413929290921197623e-02   5.043057441882388758e+01
9.659810700596055399e-01   6.763834695522062956e-01   6.833308407932945361e-01   2.963557111700788838e+01   2.419267070622499105e+01   2.282336543749039284e-02   5.415635618357597991e+01
9.679223821928563121e-01   6.618525549341711667e-01   6.683036825357683286e-01   3.071309354114995571e+01   2.511734016511492840e+01   2.154952427854293917e-02   5.834795471850178927e+01
9.698636943261070842e-01   6.464390963986944572e-01   6.523957740902370794e-01   3.204906713671129381e+01   2.610058429634153754e+01   2.017029368253333427e-02   6.309555017284662881e+01
9.718050064593578563e-01   6.300654368579898801e-01   6.355306502993947060e-01   3.336161931336551589e+01   2.721533336972187556e+01   1.888593688872798951e-02   6.851414199180842957e+01
9.737463185926086284e-01   6.126412175634641244e-01   6.176192471563333175e-01   3.489325616377514194e+01   2.848419981103360499e+01   1.755758232158009455e-02   7.475275457572382720e+01
9.756876307258594005e-01   5.940600891204894651e-01   5.985566281168126501e-01   3.669584023054138555e+01   2.988331015300915894e+01   1.618875832760091268e-02   8.200802164437534714e+01
9.776289428591101727e-01   5.741952264264682526e-01   5.782175184531331835e-01   3.852095633183745349e+01   3.143559706734626147e+01   1.490604806069930482e-02   9.054480350002280886e+01
9.795702549923609448e-01   5.528930661402000624e-01   5.564500671021427314e-01   4.073034800308924730e+01   3.317916230249529264e+01   1.357447439678799612e-02   1.007286607481230618e+02
9.809569065161115597e-01   5.366941712989046209e-01   5.399253520268918471e-01   4.267457043431797103e+01   3.464843774034089563e+01   1.257643992280955102e-02   1.092904237029628405e+02
9.823435580398621747e-01   5.195828756365017398e-01   5.224945398843893196e-01   4.447388363849843529e+01   3.630045620173186194e+01   1.168287617649674433e-02   1.192118028530103118e+02
9.837302095636127897e-01   5.014595415202620643e-01   5.040588308597222511e-01   4.701607373930813338e+01   3.797102322126119844e+01   1.066570433551564633e-02   1.308405956226883120e+02
9.851168610873634046e-01   4.822035430179312243e-01   4.844985190225404859e-01   4.921941241208836004e+01   4.018442935434676855e+01   9.797019496711856235e-03   1.446543360513594791e+02
9.865035126111140196e-01   4.616663233745157413e-01   4.636660605174813821e-01   5.268493740951642224e+01   4.263467137248407823e+01   8.762776346985381298e-03   1.613272164939809272e+02
9.874939779852215382e-01   4.461109561121929801e-01   4.479059738974995875e-01   5.461174793667107252e+01   4.444306767538571989e+01   8.168772708566526125e-03   1.755148039238488309e+02
9.884844433593290569e-01   4.297238632428843630e-01   4.313197779962141820e-01   5.807837139963469042e+01   4.687155019884204421e+01   7.399034320125362496e-03   1.921583619787719499e+02
9.894749087334365756e-01   4.124031628235798053e-01   4.138060025631016825e-01   6.090309399741210683e+01   4.912735381278326940e+01   6.771464892097331378e-03   2.119559504386595563e+02
9.904653741075440943e-01   3.940229932821921466e-01   3.952391082682311096e-01   6.513106910751598377e+01   5.243082695962608852e+01   6.049693313520670447e-03   2.359021583677282763e+02
7.845819325511469433e-01   9.050406475333829803e-01   9.263522686762912794e-01   6.784694906968504746e+00   5.523415047448458459e+00   1.333944502948574973e-01   2.779046656595998588e+00
7.863078366900921878e-01   9.049621341331430813e-01   9.262523742648993696e-01   6.835679433740357247e+00   5.563852155204045857e+00   1.323880300276112643e-01   2.816518103658522509e+00
7.880337408290374324e-01   9.049032924225457464e-01   9.261776897762126204e-01   6.887893623582571401e+00   5.604710583495078779e+00   1.313759099479068493e-01   2.854981101750462269e+00
7.897596449679826769e-01   9.048636663451361528e-01   9.261275268210539258e-01   6.941183725023697626e+00   5.647170677044338838e+00   1.303615783980774656e-01   2.894473174792220771e+00
7.914855491069279214e-01   9.048427745249227883e-01   9.261011695784898690e-01   6.994463724938880134e+00   5.689881046425123934e+00   1.293655682706152943e-01   2.935023322617068775e+00
7.932114532458731659e-01   9.048401095789131432e-01   9.260978738919214415e-01   7.050183757751870672e+00   5.732960303260178136e+00   1.283427695886673325e-01   2.976670289104461187e+00
7.949373573848184105e-01   9.048551368654216276e-01   9.261168663585213068e-01   7.104587507301158844e+00   5.777828831910937879e+00   1.273620932862788713e-01   3.019450987406615994e+00
7.966632615237636550e-01   9.048872938261638410e-01   9.261573434054272136e-01   7.162832506676783062e+00   5.822980323925039947e+00   1.263309302545717328e-01   3.063399206058768698e+00
7.983891656627088995e-01   9.049359889892230058e-01   9.262184703622742266e-01   7.219654204748985116e+00   5.868373781813071233e+00   1.253433978034528273e-01   3.108559685205098511e+00
8.001150698016541440e-01   9.050006008542368363e-01   9.262993805210604226e-01   7.279267570284442712e+00   5.915827750681859953e+00   1.243257775752943384e-01   3.154971890896566933e+00
8.018409739405993886e-01   9.050804770889726569e-01   9.263991741960234672e-01   7.338801569050337648e+00   5.963600855057853423e+00   1.233281031750382561e-01   3.202676457451121728e+00
8.035668780795446331e-01   9.051749333837051381e-01   9.265169177725417482e-01   7.399609291368276942e+00   6.011649663963584800e+00   1.223273956423079484e-01   3.251719323174790510e+00
8.052927822184898776e-01   9.052832526084558795e-01   9.266516427541663381e-01   7.461983180746778466e+00   6.061637188733807413e+00   1.213193906606818695e-01   3.302146796560860853e+00
8.070186863574351221e-01   9.054046838440400480e-01   9.268023448065408898e-01   7.524057846035268504e+00   6.112226201224815192e+00   1.203346255931743713e-01   3.354007571171627067e+00
8.087445904963803667e-01   9.055384408376312422e-01   9.269679827964335539e-01   7.589405847112868031e+00   6.163127759134972017e+00   1.193161176354948227e-01   3.407347490999238282e+00
8.104704946353256112e-01   9.056837019373916720e-01   9.271474778344825918e-01   7.652971307882374674e+00   6.215761997579990705e+00   1.183440608230896529e-01   3.462225711515026116e+00
8.121963987742708557e-01   9.058396079938120238e-01   9.273397123101296824e-01   7.721214215778577028e+00   6.269376392617942884e+00   1.173182847514703669e-01   3.518687994171497913e+00
8.139223029132161003e-01   9.060052621462091338e-01   9.275435289354573287e-01   7.787974859432472918e+00   6.323343444393406898e+00   1.163338709355093842e-01   3.576795198023954292e+00
8.156482070521613448e-01   9.061797281225381084e-01   9.277577297814864066e-01   7.857575533998887529e+00   6.378746392226770645e+00   1.153256146506763391e-01   3.636600698340816340e+00
8.173741111911065893e-01   9.063620298304614353e-01   9.279810753260824274e-01   7.927661188959947758e+00   6.435612431976835524e+00   1.143290572372921560e-01   3.698172509688096632e+00
8.191000153300518338e-01   9.065511497095712912e-01   9.282122834971653358e-01   7.998714549361677584e+00   6.492874687032794689e+00   1.133371048704215761e-01   3.761568543236846640e+00
8.208259194689970784e-01   9.067460279353554142e-01   9.284500287247768879e-01   8.072309674426003667e+00   6.551179046624580948e+00   1.123279537711530385e-01   3.826857762366917992e+00
8.225518236079423229e-01   9.069455613428090146e-01   9.286929409956293791e-01   8.144751014111266230e+00   6.611541673917846751e+00   1.113533808180841578e-01   3.894102407773339714e+00
8.242777277468875674e-01   9.071486023568695600e-01   9.289396049114955201e-01   8.222073801611285759e+00   6.672347708271447964e+00   1.103308756702104793e-01   3.963384607439942808e+00
8.260036318858328119e-01   9.073539577540260526e-01   9.291885587577390915e-01   8.297145183046959360e+00   6.733699181797432765e+00   1.093573678339347377e-01   4.034770044745120465e+00
8.277295360247780565e-01   9.075603876283366844e-01   9.294382935725810091e-01   8.377186514633955028e+00   6.797824254300196323e+00   1.083371351518718079e-01   4.108340229016298473e+00
8.294554401637233010e-01   9.077666044357783903e-01   9.296872522258775584e-01   8.456153034771208610e+00   6.862443751844519824e+00   1.073498316200162117e-01   4.184174331051949913e+00
8.311813443026685455e-01   9.079712718416886874e-01   9.299338284991134351e-01   8.537904246528240648e+00   6.927477026790978876e+00   1.063459188138466266e-01   4.262355991394720434e+00
8.329072484416137900e-01   9.081730035968575976e-01   9.301763661804794969e-01   8.621019787193766604e+00   6.995180773991098278e+00   1.053440342343162084e-01   4.342975037932518489e+00
8.346331525805590346e-01   9.083703623176687669e-01   9.304131581553588548e-01   8.704404384665304306e+00   7.063907172748094432e+00   1.043575553449653803e-01   4.426124079027577096e+00
8.363590567195042791e-01   9.085618585928613156e-01   9.306424455049079336e-01   8.791906156036537467e+00   7.133089267118516652e+00   1.033407138870609254e-01   4.511893884191706228e+00
8.380849608584495236e-01   9.087459498206271746e-01   9.308624166146146628e-01   8.877067316650327555e+00   7.204401482116941757e+00   1.023700640543901280e-01   4.600392445081525672e+00
8.398108649973947681e-01   9.089210389514619237e-01   9.310712062757406926e-01   8.969144355950112057e+00   7.277555101086428557e+00   1.013386564960887942e-01   4.691720588253548208e+00
8.415367691363400127e-01   9.090854734607773935e-01   9.312668947941113995e-01   9.058217036715955572e+00   7.351208534514367621e+00   1.003603103983877476e-01   4.785985255293463858e+00
8.432626732752852572e-01   9.092375445226252850e-01   9.314475071012026097e-01   9.153027342938413469e+00   7.426357251366709988e+00   9.933735697010723231e-02   4.883305401023385173e+00
8.449885774142305017e-01   9.093754851180619880e-01   9.316110118552265451e-01   9.247013941336902576e+00   7.504288988325469312e+00   9.834260993734238177e-02   4.983795182623500963e+00
8.467144815531757462e-01   9.094974697310362899e-01   9.317553205463193766e-01   9.343825672751526312e+00   7.582766748723934747e+00   9.733673353766794656e-02   5.087587808214816931e+00
8.484403856921209908e-01   9.096016126633230670e-01   9.318782865856246600e-01   9.442970020546365362e+00   7.662012701198523956e+00   9.632579693509331353e-02   5.194806616580054381e+00
8.501662898310662353e-01   9.096859670547700061e-01   9.319777043934363014e-01   9.541992733012840233e+00   7.745108408290765745e+00   9.533500941658555605e-02   5.305591163473805771e+00
8.518921939700114798e-01   9.097485233949100802e-01   9.320513084672039650e-01   9.646578224000784019e+00   7.828798218098445894e+00   9.430789884971300940e-02   5.420087803090856582e+00
8.536180981089567243e-01   9.097872089494103420e-01   9.320967724338874438e-01   9.747726674281526726e+00   7.912931745433674280e+00   9.333327034597713179e-02   5.538444683291706916e+00
8.553440022479019689e-01   9.097998857545235296e-01   9.321117080806919919e-01   9.858163294229683515e+00   8.001127570349611418e+00   9.228898513854605357e-02   5.660822114474751032e+00
8.570699063868472134e-01   9.097843498421980257e-01   9.320936643573496383e-01   9.964307469003545137e+00   8.090456903520912846e+00   9.130432322289415425e-02   5.787380910007862589e+00
8.587958105257924579e-01   9.097383297146280912e-01   9.320401263495800004e-01   1.007815679622592953e+01   8.180262541255677533e+00   9.026832466580665681e-02   5.918302750561875492e+00
8.605217146647377024e-01   9.096594850124120057e-01   9.319485142118766330e-01   1.019033676023673252e+01   8.273595116205992639e+00   8.926687178405669221e-02   6.053763844944492156e+00
8.622476188036829470e-01   9.095454051392835026e-01   9.318161820537768092e-01   1.030708978247227670e+01   8.369037096931149833e+00   8.824463784976542546e-02   6.193959094382083030e+00
8.639735229426281915e-01   9.093936079650575266e-01   9.316404167840001138e-01   1.042575447109714482e+01   8.464984241483175964e+00   8.722568812512600245e-02   6.339090489315736043e+00
8.656994270815734360e-01   9.092015377722191261e-01   9.314184368822601146e-01   1.054532210566584105e+01   8.563917920873052481e+00   8.621847001560237200e-02   6.489371090716906210e+00
8.674253312205186806e-01   9.089665643292619279e-01   9.311473911137641002e-01   1.067088422403471526e+01   8.665998261461938412e+00   8.518193480929521499e-02   6.645022318853794019e+00
8.691512353594639251e-01   9.086859808716098996e-01   9.308243571654803983e-01   1.079363713059300878e+01   8.768606501710198842e+00   8.418719008961961237e-02   6.806281370280173881e+00
8.708771394984091696e-01   9.083570022376079578e-01   9.304463401954256030e-01   1.092645167606953294e+01   8.873689821762727803e+00   8.313375917151930028e-02   6.973395964404375036e+00
8.721099281690843918e-01   9.080908040591566532e-01   9.301409679910476180e-01   1.101736457842386585e+01   8.951783745216467025e+00   8.242359573336976997e-02   7.096493174342755950e+00
8.733427168397596141e-01   9.077973846651731238e-01   9.298048370328804157e-01   1.111421161113165113e+01   9.028876110863402360e+00   8.167897251083031107e-02   7.222810000739631420e+00
8.745755055104348363e-01   9.074756527326145461e-01   9.294367852941894936e-01   1.121217534533547067e+01   9.109224207158135300e+00   8.093662690622706324e-02   7.352454874977437882e+00
8.758082941811100586e-01   9.071244946917431662e-01   9.290356303636304602e-01   1.130525012388545036e+01   9.189132677899635837e+00   8.023922378994458038e-02   7.485528854837971480e+00
8.770410828517852808e-01   9.067427744558926861e-01   9.286001690876711789e-01   1.141091690998070263e+01   9.271774411226946455e+00   7.946274445858059199e-02   7.622149867139280666e+00
8.779216461879818523e-01   9.064507645374534350e-01   9.282674441085306816e-01   1.148258898501639358e+01   9.331321384559011278e+00   7.894132287764363265e-02   7.721972552975103987e+00
8.788022095241784237e-01   9.061421409479635258e-01   9.279161388346891526e-01   1.155128389906171194e+01   9.389126076815957234e+00   7.844514504760528861e-02   7.823704099659609668e+00
8.796827728603749952e-01   9.058164679302080913e-01   9.275457947111701573e-01   1.162900789936194457e+01   9.452160624174972270e+00   7.789284139878416280e-02   7.927395606066749423e+00
8.805633361965715666e-01   9.054733032446620200e-01   9.271559474175347093e-01   1.170595250864257864e+01   9.513622668793155768e+00   7.735152714622285652e-02   8.033091373704024818e+00
6.637686428249798265e-01   9.701359347918696585e-01   1.018792221582057289e+00   4.621182125687828268e+00   3.895163561085721149e+00   2.099324173784802294e-01   1.492176585589488180e+00
6.654945469639250710e-01   9.683516983277513646e-01   1.016107738152096429e+00   4.638895772975857312e+00   3.907449204750456762e+00   2.087461641127911216e-01   1.500773223008769142e+00
6.672204511028703156e-01   9.665914650050808632e-01   1.013466229169961430e+00   4.657158793785471040e+00   3.919838233278447603e+00   2.075496043413644909e-01   1.509511580450798807e+00
6.689463552418155601e-01   9.648552913123467079e-01   1.010867557158681596e+00   4.675385266265923434e+00   3.932593227389378665e+00   2.063691517090622263e-01   1.518399997459367379e+00
6.706722593807608046e-01   9.631432336594798471e-01   1.008311585476210803e+00   4.694152276560808801e+00   3.945351843146439386e+00   2.051793757242854066e-01   1.527440159171811418e+00
6.723981635197060491e-01   9.614553480801077967e-01   1.005798178262407694e+00   4.712916607916125322e+00   3.958595188507700868e+00   2.040043200563285974e-01   1.536633651196934514e+00
6.741240676586512937e-01   9.597916907536044873e-01   1.003327200379846351e+00   4.732184198827779298e+00   3.971722368192940777e+00   2.028221325347726034e-01   1.545990157469759207e+00
6.758499717975965382e-01   9.581523170725176897e-01   1.000898517354185335e+00   4.751503233611112265e+00   3.985478243520673480e+00   2.016524602771506691e-01   1.555506598356490189e+00
6.775758759365417827e-01   9.565372827134979161e-01   9.985119953024131911e-01   4.771296324584754167e+00   3.999055063468439641e+00   2.004774421124945194e-01   1.565189607181248110e+00
6.793017800754870272e-01   9.549466425296486705e-01   9.961675008601960091e-01   4.791196187770997206e+00   4.013268235982929255e+00   1.993127822582271280e-01   1.575044317345027922e+00
6.810276842144322718e-01   9.533804513131372005e-01   9.938649011024512925e-01   4.811510957197392635e+00   4.027387873307854527e+00   1.981457508450654992e-01   1.585075185783798357e+00
6.827535883533775163e-01   9.518387631403584237e-01   9.916040634545242316e-01   4.832012349254834582e+00   4.041991810540623398e+00   1.969859955525870288e-01   1.595281321249992779e+00
6.844794924923227608e-01   9.503216318329350543e-01   9.893848556023912000e-01   4.852874477402950859e+00   4.056680600879966292e+00   1.958265428578540579e-01   1.605672012661272019e+00
6.862053966312680053e-01   9.488291104667042619e-01   9.872071453923839668e-01   4.874004166333406829e+00   4.071672849617648637e+00   1.946713786214271935e-01   1.616251283687479612e+00
6.879313007702132499e-01   9.473612514792648653e-01   9.850708007268490496e-01   4.895409339580074182e+00   4.086954244113019996e+00   1.935203342077475852e-01   1.627022994037197190e+00
6.896572049091584944e-01   9.459181068335738019e-01   9.829756894517429622e-01   4.917192855431126830e+00   4.102342081738831858e+00   1.923695357583525556e-01   1.637993304772848102e+00
6.913831090481037389e-01   9.444997271281180273e-01   9.809216792375045069e-01   4.939167516798487867e+00   4.118240448133130727e+00   1.912265020199865884e-01   1.649163820681092796e+00
6.931090131870489834e-01   9.431061627977896933e-01   9.789086374542957936e-01   4.961631714381281810e+00   4.134020788685388581e+00   1.900798400784560471e-01   1.660542672424292876e+00
6.948349173259942280e-01   9.417374625803630606e-01   9.769364310370788340e-01   4.984170964074749577e+00   4.150564866974151279e+00   1.889456580378729433e-01   1.672132474311407657e+00
6.965608214649394725e-01   9.403936747312399147e-01   9.750049263464928284e-01   5.007347332011264918e+00   4.166973278289326288e+00   1.878027650926940850e-01   1.683942403330201065e+00
6.982867256038847170e-01   9.390748459474026477e-01   9.731139890191071729e-01   5.030478366727908046e+00   4.183955929555054354e+00   1.866770468905181168e-01   1.695975636190320879e+00
7.000126297428299615e-01   9.377810215778480396e-01   9.712634838117045755e-01   5.054393166427376904e+00   4.201050351403295302e+00   1.855378065574397606e-01   1.708234938490984289e+00
7.017385338817752061e-01   9.365122458171981634e-01   9.694532744363981713e-01   5.078110390793057149e+00   4.218444605537006176e+00   1.844214035825522124e-01   1.720732078256768549e+00
7.034644380207204506e-01   9.352685610459730015e-01   9.676832233868684074e-01   5.102802372740099734e+00   4.236254284642170909e+00   1.832852798772516556e-01   1.733468810829339679e+00
7.051903421596656951e-01   9.340500081603977378e-01   9.659531917572852233e-01   5.127133716417977993e+00   4.254055409426892531e+00   1.821778131452679583e-01   1.746454735242091383e+00
7.069162462986109396e-01   9.328566259629269553e-01   9.642630390515536387e-01   5.152627725951887783e+00   4.272611400401861381e+00   1.810448329625041486e-01   1.759689937863111231e+00
7.086421504375561842e-01   9.316884515831134195e-01   9.626126229814827573e-01   5.177566773275017020e+00   4.291061935295893193e+00   1.799471629013455198e-01   1.773189200013279176e+00
7.103680545765014287e-01   9.305455195577679861e-01   9.610017992601159742e-01   5.203910321861328292e+00   4.310152883739582386e+00   1.788165940617000571e-01   1.786954829093023500e+00
7.120939587154466732e-01   9.294278625368406210e-01   9.594304213778052093e-01   5.229500768451441850e+00   4.329397307715092680e+00   1.777278374532226257e-01   1.800996098209070917e+00
7.138198628543919178e-01   9.283355104048496287e-01   9.578983403776226702e-01   5.256701233269621909e+00   4.348911775463971452e+00   1.766003942794810710e-01   1.815314016830843702e+00
7.155457669933371623e-01   9.272684904195784839e-01   9.564054046108650953e-01   5.283161465272414148e+00   4.368982411903825636e+00   1.755139411344426859e-01   1.829927097981868034e+00
7.172716711322824068e-01   9.262268270867936026e-01   9.549514594888399710e-01   5.311051076593665599e+00   4.388965650360475479e+00   1.743961437630995592e-01   1.844836586509101428e+00
7.189975752712276513e-01   9.252105414597053823e-01   9.535363472218009173e-01   5.338438024230551804e+00   4.409846294407437028e+00   1.733110953541620036e-01   1.860050580315264712e+00
7.207234794101728959e-01   9.242196516004241857e-01   9.521599065416649355e-01   5.367008003878229516e+00   4.430714156946364390e+00   1.722038891934906668e-01   1.875576585641122840e+00
7.224493835491181404e-01   9.232541719211440068e-01   9.508219724217881197e-01   5.395351003502265819e+00   4.452020725142309843e+00   1.711203166062477410e-01   1.891423302298964160e+00
7.241752876880633849e-01   9.223141129899659063e-01   9.495223757787536467e-01   5.424633965855424123e+00   4.473805956337352008e+00   1.700232898284638194e-01   1.907603650493855607e+00
7.259011918270086294e-01   9.213994814030003200e-01   9.482609431613412410e-01   5.453986908429431679e+00   4.495543012512003500e+00   1.689405377887738535e-01   1.924121706525850017e+00
7.276270959659538740e-01   9.205102794505819475e-01   9.470374964317128663e-01   5.483972750210442726e+00   4.518278842301111986e+00   1.678546414030336331e-01   1.940991364951587750e+00
7.293530001048991185e-01   9.196465047424453587e-01   9.458518524296939400e-01   5.514377668336683413e+00   4.540979865308938379e+00   1.667724918485390673e-01   1.958216726472093105e+00
7.310789042438443630e-01   9.188081502305749382e-01   9.447038226249645509e-01   5.545099722097527994e+00   4.564167010460294271e+00   1.656973176819659110e-01   1.975814590057140885e+00
7.328048083827896075e-01   9.179952034299958541e-01   9.435932127556712068e-01   5.576605961280645118e+00   4.587884709588905707e+00   1.646153968567616033e-01   1.993789443514299098e+00
7.345307125217348521e-01   9.172076465106329124e-01   9.425198224537639780e-01   5.608052608914893433e+00   4.611569732401535227e+00   1.635518976859427487e-01   2.012155970061402677e+00
7.362566166606800966e-01   9.164454557553654013e-01   9.414834448549431745e-01   5.640717348159718370e+00   4.636275603872872075e+00   1.624696646170996905e-01   2.030921423649444169e+00
7.379825207996253411e-01   9.157086016219865288e-01   9.404838661957186652e-01   5.672922573869355389e+00   4.661047769424174980e+00   1.614174333772733227e-01   2.050104986328063816e+00
7.397084249385705856e-01   9.149970474734345771e-01   9.395208653947528799e-01   5.706788833475802569e+00   4.686187455320015793e+00   1.603348352590334980e-01   2.069709667836948874e+00
7.414343290775158302e-01   9.143107502625297256e-01   9.385942136183212936e-01   5.739767728989183304e+00   4.712086103050390662e+00   1.592940330398259774e-01   2.089751259163419750e+00
7.431602332164610747e-01   9.136496594052232467e-01   9.377036738321290477e-01   5.774882216325736728e+00   4.737991118441724048e+00   1.582109600127103444e-01   2.110243236702114444e+00
7.448861373554063192e-01   9.130137168867804576e-01   9.368490003358407314e-01   5.809143853326275142e+00   4.764724581273239501e+00   1.571683779812054760e-01   2.131198574418464275e+00
7.466120414943515637e-01   9.124028562449666424e-01   9.360299382860269857e-01   5.845066666059385518e+00   4.791829868655537616e+00   1.560979383764819484e-01   2.152628709242965677e+00
7.483379456332968083e-01   9.118170028995109533e-01   9.352462231944198567e-01   5.880653168325815194e+00   4.819003483511676400e+00   1.550536950233199207e-01   2.174550734137012498e+00
7.500638497722420528e-01   9.112560729631695722e-01   9.344975804196107294e-01   5.917423223264306031e+00   4.847351480850568883e+00   1.539954197260343105e-01   2.196976607723587271e+00
7.517897539111872973e-01   9.107199732178514751e-01   9.337837246359900201e-01   5.954411452523717507e+00   4.875753091832915942e+00   1.529487809969618528e-01   2.219922376912239148e+00
7.535156580501325418e-01   9.102086006615763836e-01   9.331043592875273296e-01   5.992010713555055545e+00   4.904594634333675707e+00   1.519037004727834261e-01   2.243404145790533377e+00
7.552415621890777864e-01   9.097218416236501071e-01   9.324591760261897733e-01   6.030464801369213035e+00   4.934323186798495797e+00   1.508543489744104682e-01   2.267438488152254017e+00
7.569674663280230309e-01   9.092595715505922271e-01   9.318478541307526619e-01   6.068932876616942806e+00   4.964117643428561877e+00   1.498219851885145004e-01   2.292036787481649629e+00
7.586933704669682754e-01   9.088216545138720903e-01   9.312700599101496612e-01   6.108918901652317324e+00   4.994699889146889227e+00   1.487696381544789392e-01   2.317222428127548195e+00
7.604192746059135199e-01   9.084079424175114381e-01   9.307254460929768047e-01   6.148235308273966027e+00   5.025910917439288639e+00   1.477510044540788492e-01   2.343013824382644383e+00
7.621451787448587645e-01   9.080182747167100388e-01   9.302136511907845851e-01   6.189843440147035913e+00   5.057202006345571377e+00   1.466948693447310548e-01   2.369427055821129446e+00
7.638710828838040090e-01   9.076524773345225894e-01   9.297342988520561624e-01   6.230428942258713576e+00   5.089600042807204794e+00   1.456805760480227863e-01   2.396477180171933341e+00
7.655969870227492535e-01   9.073103626634519969e-01   9.292869971990971312e-01   6.273330849544175969e+00   5.122403074327444017e+00   1.446297643825652512e-01   2.424188677526999847e+00
7.673228911616944981e-01   9.069917284995199225e-01   9.288713381419001491e-01   6.315607697951020505e+00   5.155302308900481911e+00   1.436111569744549232e-01   2.452583168837188410e+00
7.690487953006397426e-01   9.066963575791078256e-01   9.284868966792535483e-01   6.359478832987126573e+00   5.189593687719816550e+00   1.425740035293460162e-01   2.481677293411568286e+00
7.707746994395849871e-01   9.064240169267351321e-01   9.281332301822973196e-01   6.403549766986424530e+00   5.224106357308840209e+00   1.415502416487515458e-01   2.511497881385080788e+00
7.725006035785302316e-01   9.061744569941082572e-01   9.278098776629738476e-01   6.448362952890527744e+00   5.258816967557068622e+00   1.405278306469875116e-01   2.542065649094835678e+00
7.742265077174754762e-01   9.059474110384827528e-01   9.275163590203174824e-01   6.494311828365812111e+00   5.294998403902699380e+00   1.394986004647161548e-01   2.573402674202756035e+00
7.759524118564207207e-01   9.057425946726880284e-01   9.272521742779170628e-01   6.540114018723149236e+00   5.331347003521162975e+00   1.384903370307784820e-01   2.605537112345894357e+00
7.776783159953659652e-01   9.055597045856984550e-01   9.270168028000215221e-01   6.588025838749951291e+00   5.368024636481687040e+00   1.374553966165871222e-01   2.638488474197930422e+00
7.794042201343112097e-01   9.053984181226724104e-01   9.268097024942217876e-01   6.634786681578152212e+00   5.406152211430646837e+00   1.364623252525300756e-01   2.672288508110462146e+00
7.811301242732564543e-01   9.052583926269335279e-01   9.266303089993336295e-01   6.684783335745071220e+00   5.444472305788625732e+00   1.354207529489114548e-01   2.706961798127349272e+00
7.828560284122016988e-01   9.051392643586950726e-01   9.264780348585677228e-01   6.733585707241667606e+00   5.483198120935256270e+00   1.344215851274097040e-01   2.742539221009713035e+00
7.845819325511469433e-01   9.050406475068939471e-01   9.263522686764192882e-01   6.784694906971411754e+00   5.523415047451103455e+00   1.333944502908961105e-01   2.779045722314052114e+00
7.863078366900921878e-01   9.049621341274587394e-01   9.262523742647892355e-01   6.835679433730708077e+00   5.563852155197190896e+00   1.323880300269665578e-01   2.816516712714929316e+00
7.880337408290374324e-01   9.049032924260700383e-01   9.261776897761425653e-01   6.887893623580925606e+00   5.604710583494118659e+00   1.313759099484499149e-01   2.854981654272843006e+00
7.897596449679826769e-01   9.048636663459319607e-01   9.261275268211465184e-01   6.941183725039939745e+00   5.647170677054779375e+00   1.303615783978870901e-01   2.894471731298148498e+00
7.914855491069279214e-01   9.048427745834715097e-01   9.261011695781059538e-01   6.994463724949374850e+00   5.689881046432091694e+00   1.293655682787918926e-01   2.935024310339672926e+00
7.932114532458731659e-01   9.048401095284361872e-01   9.260978738922416298e-01   7.050183757747923607e+00   5.732960303258033186e+00   1.283427695815795300e-01   2.976669154530731110e+00
7.949373573848184105e-01   9.048551368737207667e-01   9.261168663586548666e-01   7.104587507307766892e+00   5.777828831916361985e+00   1.273620932873285316e-01   3.019451052887832887e+00
7.966632615237636550e-01   9.048872937756868851e-01   9.261573434057566168e-01   7.162832506662955900e+00   5.822980323914865863e+00   1.263309302477685359e-01   3.063400201728087691e+00
7.983891656627088995e-01   9.049359889970673976e-01   9.262184703620419679e-01   7.219654204754665905e+00   5.868373781817042278e+00   1.253433978044407593e-01   3.108560874461077095e+00
8.001150698016541440e-01   9.050006008601485519e-01   9.262993805211586773e-01   7.279267570287559330e+00   5.915827750683754438e+00   1.243257775760532313e-01   3.154972080950307234e+00
5.688439151829913776e-01   1.103493031623429488e+00   1.237005333932568174e+00   3.937225395639623926e+00   3.465146298604431241e+00   2.802717448804225575e-01   1.174025846736223677e+00
5.705698193219366221e-01   1.100484432977964389e+00   1.231724442178905754e+00   3.945538652655526057e+00   3.469787099820039078e+00   2.789186800228882768e-01   1.177912877203306063e+00
5.722957234608818666e-01   1.097495942618479603e+00   1.226494689932109416e+00   3.954073229764312636e+00   3.474497798227603518e+00   2.775608540471813934e-01   1.181849829026868193e+00
5.740216275998271112e-01   1.094527677910264174e+00   1.221315974032910479e+00   3.962616095748409784e+00   3.479282727713122636e+00   2.762134033333711880e-01   1.185836265649744536e+00
5.757475317387723557e-01   1.091579752287543670e+00   1.216188185421933632e+00   3.971392483365409287e+00   3.484193323833216560e+00   2.748607086455793769e-01   1.189875304994715499e+00
5.774734358777176002e-01   1.088652275565550553e+00   1.211111209561516633e+00   3.980166263763672774e+00   3.489126728461941163e+00   2.735192962859077648e-01   1.193965501859348688e+00
5.791993400166628447e-01   1.085745353997936036e+00   1.206084926851652916e+00   3.989190240012093103e+00   3.494248998827533370e+00   2.721718666379381868e-01   1.198112528479478911e+00
5.809252441556080893e-01   1.082859090327247031e+00   1.201109213007964360e+00   3.998214628186048447e+00   3.499336769417856985e+00   2.708356581693889265e-01   1.202309534105584277e+00
5.826511482945533338e-01   1.079993584626208758e+00   1.196183939428122178e+00   4.007488986366471551e+00   3.504676045349302438e+00   2.694938372383207104e-01   1.206565693396643102e+00
5.843770524334985783e-01   1.077148933252033203e+00   1.191308973539621618e+00   4.016764607600580739e+00   3.509922080073907491e+00   2.681633201044034687e-01   1.210875327483493358e+00
5.861029565724438228e-01   1.074325230390741126e+00   1.186484179120510962e+00   4.026295761821260477e+00   3.515489842268599840e+00   2.668272014634064937e-01   1.215244154489721229e+00
5.878288607113890674e-01   1.071522567216561583e+00   1.181709416612530150e+00   4.035842017845949314e+00   3.520902164505898657e+00   2.655016134126245153e-01   1.219668951165509441e+00
5.895547648503343119e-01   1.068741032561547399e+00   1.176984543409656636e+00   4.045633464114913203e+00   3.526703232917595354e+00   2.641714930532793604e-01   1.224154309992746770e+00
5.912806689892795564e-01   1.065980712694226895e+00   1.172309414138907213e+00   4.055450424917526497e+00   3.532313405731979383e+00   2.628513730915364999e-01   1.228699274361380267e+00
5.930065731282248009e-01   1.063241691849157178e+00   1.167683880917863792e+00   4.065508937120263511e+00   3.538330893345061234e+00   2.615273286306651346e-01   1.233304071723481554e+00
5.947324772671700455e-01   1.060524052136884166e+00   1.163107793604127638e+00   4.075615880851048978e+00   3.544183437064901909e+00   2.602119736356093838e-01   1.237972914927388812e+00
5.964583814061152900e-01   1.057827873323276435e+00   1.158581000032383290e+00   4.085946048745064729e+00   3.550387515201115729e+00   2.588942342124590512e-01   1.242702074366112575e+00
5.981842855450605345e-01   1.055153233933538104e+00   1.154103346232190797e+00   4.096342587786451439e+00   3.556486705785832481e+00   2.575842257626487219e-01   1.247497753750386629e+00
5.999101896840057790e-01   1.052500210215157495e+00   1.149674676642762350e+00   4.106951345546657528e+00   3.562887134594839189e+00   2.562728704727482154e-01   1.252359251359031367e+00
6.016360938229510236e-01   1.049868876998175438e+00   1.145294834308101084e+00   4.117656776156500165e+00   3.569243453760157614e+00   2.549675541384348043e-01   1.257286964761886949e+00
6.033619979618962681e-01   1.047259307549893492e+00   1.140963661067087465e+00   4.128550127374596812e+00   3.575846432386067253e+00   2.536627327366036688e-01   1.262282976407644197e+00
6.050879021008415126e-01   1.044671573652067309e+00   1.136680997732185894e+00   4.139563680833738601e+00   3.582463728814914372e+00   2.523627256874721447e-01   1.267347395053230352e+00
6.068138062397867571e-01   1.042105745826461316e+00   1.132446684255452807e+00   4.150748594359898291e+00   3.589278898442159971e+00   2.510645302012486924e-01   1.272482167128708985e+00
6.085397103787320017e-01   1.039561893313702967e+00   1.128260559889529002e+00   4.162089706381121523e+00   3.596167505483983007e+00   2.497692185057653336e-01   1.277689811605597026e+00
6.102656145176772462e-01   1.037040084074874358e+00   1.124122463335244460e+00   4.173573855921969056e+00   3.603203260072335379e+00   2.484777123575750424e-01   1.282969657450922396e+00
6.119915186566224907e-01   1.034540385036962107e+00   1.120032232886579271e+00   4.185241435974115909e+00   3.610366603786800077e+00   2.471877431358204535e-01   1.288324181642047206e+00
6.137174227955677352e-01   1.032062862369116374e+00   1.115989706560532868e+00   4.197031771522901522e+00   3.617632592910180467e+00   2.459030378020298502e-01   1.293754323242456650e+00
6.154433269345129798e-01   1.029607580897277330e+00   1.111994722225723820e+00   4.209045500138811846e+00   3.625080863217788885e+00   2.446178310173462156e-01   1.299262419799343427e+00
6.171692310734582243e-01   1.027174604813353653e+00   1.108047117717602559e+00   4.221151563194708523e+00   3.632587646365569078e+00   2.433399013126061605e-01   1.304848654860630397e+00
6.188951352124034688e-01   1.024763997594277498e+00   1.104146730951235167e+00   4.233510072787912470e+00   3.640323842457650283e+00   2.420601297682598851e-01   1.310515371457488865e+00
6.206210393513487134e-01   1.022375821792479655e+00   1.100293400024683343e+00   4.245938812269843154e+00   3.648081257806047972e+00   2.407891086037403650e-01   1.316263815893587319e+00
6.223469434902939579e-01   1.020010139421515305e+00   1.096486963316978702e+00   4.258662120594624234e+00   3.656115419595359128e+00   2.395142207898602604e-01   1.322093366228042077e+00
6.240728476292392024e-01   1.017667011893649942e+00   1.092727259577662480e+00   4.271425088373546508e+00   3.664136094839600233e+00   2.382499963919892660e-01   1.328012775377684473e+00
6.257987517681844469e-01   1.015346500077157543e+00   1.089014128012393945e+00   4.284511582709027877e+00   3.672470783877497258e+00   2.369806874078212444e-01   1.334017303127639442e+00
6.275246559071296915e-01   1.013048664138182176e+00   1.085347408361284849e+00   4.297615816180043957e+00   3.680764980497595484e+00   2.357234121124012483e-01   1.340109930701559815e+00
6.292505600460749360e-01   1.010773564072110275e+00   1.081726940972043582e+00   4.311085933026700623e+00   3.689410070673896147e+00   2.344591547871263670e-01   1.346292241053901551e+00
6.309764641850201805e-01   1.008521259416738758e+00   1.078152566865855144e+00   4.324545083911894849e+00   3.697992319575392095e+00   2.332086357865995607e-01   1.352568138645918516e+00
6.327023683239654250e-01   1.006291809215895228e+00   1.074624127800334117e+00   4.338396985490089008e+00   3.706949919386928638e+00   2.319501448533804466e-01   1.358936701230334387e+00
6.344282724629106696e-01   1.004085272319457545e+00   1.071141466324669667e+00   4.352218342476500190e+00   3.715831195018207467e+00   2.307065485478636824e-01   1.365401256429615184e+00
6.361541766018559141e-01   1.001901707246474871e+00   1.067704425830651171e+00   4.366472956088912838e+00   3.725110988501668885e+00   2.294533178888360225e-01   1.371967398730622456e+00
6.378800807408011586e-01   9.997411722741844642e-01   1.064312850598404525e+00   4.380672307661703790e+00   3.734307493718372228e+00   2.282163791447395229e-01   1.378631037766294920e+00
6.396059848797464031e-01   9.976037254220955219e-01   1.060966585837509690e+00   4.395327579209542534e+00   3.743911117810160061e+00   2.269691410808349630e-01   1.385396876221254958e+00
6.413318890186916477e-01   9.954894245810237408e-01   1.057665477721211778e+00   4.409912704243658332e+00   3.753434884019020590e+00   2.257390318912808613e-01   1.392267155530620748e+00
6.430577931576368922e-01   9.933983275993796269e-01   1.054409373418863982e+00   4.424990115259030077e+00   3.763371802522296861e+00   2.244972986885933608e-01   1.399243697346855830e+00
6.447836972965821367e-01   9.913304919085702549e-01   1.051198121119891971e+00   4.439978922415590112e+00   3.773240409458167743e+00   2.232736932384428163e-01   1.406328454738930311e+00
6.465096014355273812e-01   9.892859751374771804e-01   1.048031570055873107e+00   4.455476199975259455e+00   3.783511767426775307e+00   2.220382133660529222e-01   1.413527107951834560e+00
6.482355055744726258e-01   9.872648346060941549e-01   1.044909570516475483e+00   4.470877277346896328e+00   3.793738699902903466e+00   2.208212780986813228e-01   1.420837441154358727e+00
6.499614097134178703e-01   9.852671275515376692e-01   1.041831973862502592e+00   4.486816512529434142e+00   3.804353705046031209e+00   2.195915800880600954e-01   1.428265382609098744e+00
6.516873138523631148e-01   9.832929112914144953e-01   1.038798632529157384e+00   4.502649816418286655e+00   3.814957564231767684e+00   2.183809426409252519e-01   1.435809581274121172e+00
6.534132179913083593e-01   9.813422430006540909e-01   1.035809400030960337e+00   4.519028503514551431e+00   3.825916848698648121e+00   2.171577900509903680e-01   1.443476110206492358e+00
6.551391221302536039e-01   9.794151796953656230e-01   1.032864130957621640e+00   4.535303835934879402e+00   3.836913018673178133e+00   2.159535976256098111e-01   1.451266044412915290e+00
6.568650262691988484e-01   9.775117785961811023e-01   1.029962680967632327e+00   4.552144722901751983e+00   3.848225493602518643e+00   2.147365336779251122e-01   1.459183708112110400e+00
6.585909304081440929e-01   9.756320966380371829e-01   1.027104906775250459e+00   4.568883955264656294e+00   3.859633185546542222e+00   2.135383840322385429e-01   1.467230504469862140e+00
6.603168345470893374e-01   9.737761907408639672e-01   1.024290666134616057e+00   4.586184277822221489e+00   3.871298949541448930e+00   2.123281865165844995e-01   1.475409671443686399e+00
6.620427386860345820e-01   9.719441178870056319e-01   1.021519817816390452e+00   4.603398923508147611e+00   3.883135937770645363e+00   2.111361917655202314e-01   1.483723731350258479e+00
6.637686428249798265e-01   9.701359348370033331e-01   1.018792221581922952e+00   4.621182125688545916e+00   3.895163561086275816e+00   2.099324173882143596e-01   1.492178179813323347e+00
6.654945469639250710e-01   9.683516983449180771e-01   1.016107738151907025e+00   4.638895772974228393e+00   3.907449204749316340e+00   2.087461641165650195e-01   1.500772956242059308e+00
6.672204511028703156e-01   9.665914650247486861e-01   1.013466229169715183e+00   4.657158793786671858e+00   3.919838233279041795e+00   2.075496043455341555e-01   1.509512066936487429e+00
6.689463552418155601e-01   9.648552912987041763e-01   1.010867557158530383e+00   4.675385266267343631e+00   3.932593227390142498e+00   2.063691517060816383e-01   1.518400494607407447e+00
6.706722593807608046e-01   9.631432336284433404e-01   1.008311585476298955e+00   4.694152276563158033e+00   3.945351843147688164e+00   2.051793757175709998e-01   1.527439067656561233e+00
6.723981635197060491e-01   9.614553481136454138e-01   1.005798178262472087e+00   4.712916607917741807e+00   3.958595188508392759e+00   2.040043200633747389e-01   1.536635774339699223e+00
6.741240676586512937e-01   9.597916907375748652e-01   1.003327200379845463e+00   4.732184198830020172e+00   3.971722368193831620e+00   2.028221325312891676e-01   1.545990170788746898e+00
6.758499717975965382e-01   9.581523170983246018e-01   1.000898517353920880e+00   4.751503233610553600e+00   3.985478243519883002e+00   2.016524602826056667e-01   1.555505725095201797e+00
6.775758759365417827e-01   9.565372827323699312e-01   9.985119953023661177e-01   4.771296324587230409e+00   3.999055063470007276e+00   2.004774421163457998e-01   1.565190069560542518e+00
6.793017800754870272e-01   9.549466425365835676e-01   9.961675008601563741e-01   4.791196187776191273e+00   4.013268235985879784e+00   1.993127822594584764e-01   1.575043301556551034e+00
6.810276842144322718e-01   9.533804513044968898e-01   9.938649011027307356e-01   4.811510957197307370e+00   4.027387873307993971e+00   1.981457508432732939e-01   1.585072632736694409e+00
6.827535883533775163e-01   9.518387631304676688e-01   9.916040634545347787e-01   4.832012349261578521e+00   4.041991810544658392e+00   1.969859955502651638e-01   1.595278486650272720e+00
6.844794924923227608e-01   9.503216318570366639e-01   9.893848556025162111e-01   4.852874477404103715e+00   4.056680600880920196e+00   1.958265428627739835e-01   1.605673070342098496e+00
6.862053966312680053e-01   9.488291104946710020e-01   9.872071453923859652e-01   4.874004166331590504e+00   4.071672849616892798e+00   1.946713786272377122e-01   1.616252555717148542e+00
6.879313007702132499e-01   9.473612514976820220e-01   9.850708007268137445e-01   4.895409339581409114e+00   4.086954244113854884e+00   1.935203342114569791e-01   1.627023392454755024e+00
6.896572049091584944e-01   9.459181067306872137e-01   9.829756894516509247e-01   4.917192855429620479e+00   4.102342081737827328e+00   1.923695357374876624e-01   1.637991717528500368e+00
6.913831090481037389e-01   9.444997271928058380e-01   9.809216792376260763e-01   4.939167516797952295e+00   4.118240448132870490e+00   1.912265020331042342e-01   1.649164089787896526e+00
6.931090131870489834e-01   9.431061627466306163e-01   9.789086374542659286e-01   4.961631714382663816e+00   4.134020788686186165e+00   1.900798400680921429e-01   1.660543675093346883e+00
6.948349173259942280e-01   9.417374626433456797e-01   9.769364310369950122e-01   4.984170964077363486e+00   4.150564866975861023e+00   1.889456580504103866e-01   1.672133170326203011e+00
6.965608214649394725e-01   9.403936747174838073e-01   9.750049263466058491e-01   5.007347332005060991e+00   4.166973278285776239e+00   1.878027650901795687e-01   1.683941081712461818e+00
6.982867256038847170e-01   9.390748458756661421e-01   9.731139890190233510e-01   5.030478366728910800e+00   4.183955929555221331e+00   1.866770468762205260e-01   1.695973310299399017e+00
7.000126297428299615e-01   9.377810215347609502e-01   9.712634838118067160e-01   5.054393166427087358e+00   4.201050351402780159e+00   1.855378065489257100e-01   1.708236230746429607e+00
7.017385338817752061e-01   9.365122457689949442e-01   9.694532744365280674e-01   5.078110390787686335e+00   4.218444605533576031e+00   1.844214035732548995e-01   1.720729693268438831e+00
7.034644380207204506e-01   9.352685610799653659e-01   9.676832233866008437e-01   5.102802372742449855e+00   4.236254284643376167e+00   1.832852798838287556e-01   1.733469540585903079e+00
7.051903421596656951e-01   9.340500080820673956e-01   9.659531917574335491e-01   5.127133716414095765e+00   4.254055409424841727e+00   1.821778131301283188e-01   1.746451307027006017e+00
7.069162462986109396e-01   9.328566259904391700e-01   9.642630390515445349e-01   5.152627725941676395e+00   4.272611400395624592e+00   1.810448329682023683e-01   1.759690582283076621e+00
7.086421504375561842e-01   9.316884515006904621e-01   9.626126229813064539e-01   5.177566773279302481e+00   4.291061935298492003e+00   1.799471628852773730e-01   1.773189581979850660e+00
7.103680545765014287e-01   9.305455195581089356e-01   9.610017992599200198e-01   5.203910321859904542e+00   4.310152883738468610e+00   1.788165940618144933e-01   1.786954492063460354e+00
7.120939587154466732e-01   9.294278625008018935e-01   9.594304213780573409e-01   5.229500768450767723e+00   4.329397307715144194e+00   1.777278374463540922e-01   1.800995883352952909e+00
7.138198628543919178e-01   9.283355103526673702e-01   9.578983403775482852e-01   5.256701224518446125e+00   4.348911771170271834e+00   1.766003945635525318e-01   1.815316327578166078e+00
4.946300372083456409e-01   1.249047099032281949e+00   1.511789907094612584e+00   3.657898818265075125e+00   3.319653213905464639e+00   3.414657324022700169e-01   1.045892211303176556e+00
4.963559413472909410e-01   1.245404101937651831e+00   1.504437683049911989e+00   3.663300471472782593e+00   3.322602297268246740e+00   3.399677726782136533e-01   1.048140626360909433e+00
4.980818454862362410e-01   1.241765818611042960e+00   1.497120460661470531e+00   3.668762273377577099e+00   3.325416929695929724e+00   3.384699596433198843e-01   1.050420220480883904e+00
4.998077496251815410e-01   1.238133142751507876e+00   1.489839789032956885e+00   3.674321100675904450e+00   3.328309185413991678e+00   3.369692274645645358e-01   1.052731846980708541e+00
5.015336537641268411e-01   1.234506913259451721e+00   1.482597092011091133e+00   3.679672452803349980e+00   3.331181482302548513e+00   3.354936965432739893e-01   1.055072910960733745e+00
5.032595579030720856e-01   1.230887918943722070e+00   1.475393678510545481e+00   3.685294109017099640e+00   3.333928212803439539e+00   3.339999149408486856e-01   1.057444817499616718e+00
5.049854620420173301e-01   1.227276901942900622e+00   1.468230751796093747e+00   3.690818835799539954e+00   3.336870660898323848e+00   3.325215776073268681e-01   1.059847132829689009e+00
5.067113661809625746e-01   1.223674561680354600e+00   1.461109417859881576e+00   3.696276954074835253e+00   3.339666738523934697e+00   3.310559725053492386e-01   1.062283995020629757e+00
5.084372703199078192e-01   1.220081557242679082e+00   1.454030693007567265e+00   3.701984658116986626e+00   3.342530554610141369e+00   3.295749901522480041e-01   1.064749812140775909e+00
5.101631744588530637e-01   1.216498511404665805e+00   1.446995510724053080e+00   3.707460187867111845e+00   3.345404854347773682e+00   3.281218003057000954e-01   1.067248384968626285e+00
5.118890785977983082e-01   1.212926012375874052e+00   1.440004727921010863e+00   3.713222430447023381e+00   3.348202356991178963e+00   3.266505131581502464e-01   1.069779267243091914e+00
5.136149827367435527e-01   1.209364616365860456e+00   1.433059130628390854e+00   3.718884563610459715e+00   3.351161837867265181e+00   3.251955245396902505e-01   1.072343634904878051e+00
5.153408868756887973e-01   1.205814849943408262e+00   1.426159439176160060e+00   3.724577116595017667e+00   3.353956387080425650e+00   3.237454379910263969e-01   1.074941293552371668e+00
5.170667910146340418e-01   1.202277212003195928e+00   1.419306312940418646e+00   3.730433974386528462e+00   3.356970104128928600e+00   3.222888329503033056e-01   1.077571075426637215e+00
5.187926951535792863e-01   1.198752175502363571e+00   1.412500354688373649e+00   3.736079248206703340e+00   3.359855028176912395e+00   3.208583372736961703e-01   1.080235001483450308e+00
5.205185992925245309e-01   1.195240189099763484e+00   1.405742114562057665e+00   3.742139537970885499e+00   3.362858539284355963e+00   3.194002193055214267e-01   1.082933996801070053e+00
5.222445034314697754e-01   1.191741678816242711e+00   1.399032093738709293e+00   3.747929834321941822e+00   3.365837397272669396e+00   3.179733163366029736e-01   1.085665510734427963e+00
5.239704075704150199e-01   1.188257049437879687e+00   1.392370747806113362e+00   3.754035151090568956e+00   3.368854829663833428e+00   3.165279496897316358e-01   1.088431799217254525e+00
5.256963117093602644e-01   1.184786685841913823e+00   1.385758489862160436e+00   3.760025127677760093e+00   3.371932118859681360e+00   3.151007361947214536e-01   1.091234861230289122e+00
5.274222158483055090e-01   1.181330954056079463e+00   1.379195693390282473e+00   3.766152730075791322e+00   3.374980014077245016e+00   3.136704851670489846e-01   1.094072487756384771e+00
5.291481199872507535e-01   1.177890202650814899e+00   1.372682694904140632e+00   3.772349054047761108e+00   3.378159882492600463e+00   3.122431635500244052e-01   1.096945499860564555e+00
5.308740241261959980e-01   1.174464763647620202e+00   1.366219796406652698e+00   3.778512679718194267e+00   3.381258642020664062e+00   3.108272654348253061e-01   1.099855223821279759e+00
5.325999282651412425e-01   1.171054953331918114e+00   1.359807267658001306e+00   3.784919522627007371e+00   3.384543293318639012e+00   3.094002253762905275e-01   1.102801508508202577e+00
5.343258324040864871e-01   1.167661073490648960e+00   1.353445348294463724e+00   3.791148384170559549e+00   3.387706432609469687e+00   3.079966688632035376e-01   1.105785786163081763e+00
5.360517365430317316e-01   1.164283411846781746e+00   1.347134249781184456e+00   3.797765736672900516e+00   3.391100503351029527e+00   3.065706240392733206e-01   1.108805626098217090e+00
5.377776406819769761e-01   1.160922243450045244e+00   1.340874157241918718e+00   3.804070097507648462e+00   3.394345769848078120e+00   3.051789829558236855e-01   1.111863777691029176e+00
5.395035448209222206e-01   1.157577830664308749e+00   1.334665231151464626e+00   3.810907088138467014e+00   3.397850177870378907e+00   3.037538842831659092e-01   1.114962621911288032e+00
5.412294489598674652e-01   1.154250424404267505e+00   1.328507608922860683e+00   3.817415291553692303e+00   3.401188869397095971e+00   3.023643843409256626e-01   1.118097813863956125e+00
5.429553530988127097e-01   1.150940264651467260e+00   1.322401406380796951e+00   3.824364459371388580e+00   3.404808590107391897e+00   3.009494196692350521e-01   1.121275629369054005e+00
5.446812572377579542e-01   1.147647580630859920e+00   1.316346719143034028e+00   3.831082613628861822e+00   3.408256543952938422e+00   2.995622116182428130e-01   1.124489204308640966e+00
5.464071613767031987e-01   1.144372592355466622e+00   1.310343623906695898e+00   3.838158732966082010e+00   3.411992004837127279e+00   2.981566610381195526e-01   1.127747060060792839e+00
5.481330655156484433e-01   1.141115509938117611e+00   1.304392179656024497e+00   3.845095334627634642e+00   3.415558858897205230e+00   2.967717080150433229e-01   1.131045013015683276e+00
5.498589696545936878e-01   1.137876535140094347e+00   1.298492428790770870e+00   3.852304626821157818e+00   3.419415207245328769e+00   2.953755337046246598e-01   1.134383453699303157e+00
5.515848737935389323e-01   1.134655861001874655e+00   1.292644398183013799e+00   3.859458451121133393e+00   3.423115414579271043e+00   2.939935421956074157e-01   1.137764045540246904e+00
5.533107779324841768e-01   1.131453673044802599e+00   1.286848100171334996e+00   3.866824372885237171e+00   3.427093238076456938e+00   2.926053950054542385e-01   1.141187301838940904e+00
5.550366820714294214e-01   1.128270149068953287e+00   1.281103533491312563e+00   3.874201134528830082e+00   3.430935166538956249e+00   2.912265290031645359e-01   1.144654192305006202e+00
5.567625862103746659e-01   1.125105459900055394e+00   1.275410684148900131e+00   3.881728209047131894e+00   3.435039618484140078e+00   2.898465320878920726e-01   1.148166002570422117e+00
5.584884903493199104e-01   1.121959769599698120e+00   1.269769526244374669e+00   3.889329287421241066e+00   3.439036713783086174e+00   2.884712727277448097e-01   1.151719716827124040e+00
5.602143944882651549e-01   1.118833235927240821e+00   1.264180022744121112e+00   3.897039507172578965e+00   3.443269086884244601e+00   2.870982533967145756e-01   1.155321854134924386e+00
5.619402986272103995e-01   1.115726010557295922e+00   1.258642126207526912e+00   3.904868804188433185e+00   3.447428721465068513e+00   2.857268877665103401e-01   1.158968846413267695e+00
5.636662027661556440e-01   1.112638239381112726e+00   1.253155779472689080e+00   3.912765365673965601e+00   3.451794022044496479e+00   2.843610938550267808e-01   1.162660877224368727e+00
5.653921069051008885e-01   1.109570063054547973e+00   1.247720916301953142e+00   3.920826230963503800e+00   3.456128906558208147e+00   2.829939399741983053e-01   1.166401715280796170e+00
5.671180110440461331e-01   1.106521616994882606e+00   1.242337461988640923e+00   3.928930067048925334e+00   3.460629593488242506e+00   2.816343376215924010e-01   1.170188613025630042e+00
5.688439151829913776e-01   1.103493031632297061e+00   1.237005333932589046e+00   3.937225395638916936e+00   3.465146298604241171e+00   2.802717448827251601e-01   1.174026071836689500e+00
5.705698193219366221e-01   1.100484433005135543e+00   1.231724442179160883e+00   3.945538652662648360e+00   3.469787099823721466e+00   2.789186800292713375e-01   1.177912335116439335e+00
5.722957234608818666e-01   1.097495942560840376e+00   1.226494689931731497e+00   3.954073229762090858e+00   3.474497798226227729e+00   2.775608540327602070e-01   1.181848412730904796e+00
5.740216275998271112e-01   1.094527677860696713e+00   1.221315974033439611e+00   3.962616095749226464e+00   3.479282727714089862e+00   2.762134033208055173e-01   1.185835535218372483e+00
5.757475317387723557e-01   1.091579752308348361e+00   1.216188185421433143e+00   3.971392483369043713e+00   3.484193323834829492e+00   2.748607086505664432e-01   1.189874941232908601e+00
5.774734358777176002e-01   1.088652275572826511e+00   1.211111209561668733e+00   3.980166263763380563e+00   3.489126728461693361e+00   2.735192962877558975e-01   1.193965740068213544e+00
5.791993400166628447e-01   1.085745353957918269e+00   1.206084926851590300e+00   3.989190240016621036e+00   3.494248998829700081e+00   2.721718666275976806e-01   1.198110339396893487e+00
5.809252441556080893e-01   1.082859090389206358e+00   1.201109213007887311e+00   3.998214628184159292e+00   3.499336769416657944e+00   2.708356581850136502e-01   1.202310066007399980e+00
5.826511482945533338e-01   1.079993584536737217e+00   1.196183939428516974e+00   4.007488986365652650e+00   3.504676045348963154e+00   2.694938372160496920e-01   1.206565142384826927e+00
5.843770524334985783e-01   1.077148933260900776e+00   1.191308973539441984e+00   4.016764607597499648e+00   3.509922080072185757e+00   2.681633201068168160e-01   1.210874887315369852e+00
5.861029565724438228e-01   1.074325230403701426e+00   1.186484179120502747e+00   4.026295761819740804e+00   3.515489842267955911e+00   2.668272014667261161e-01   1.215244447439007613e+00
5.878288607113890674e-01   1.071522567210308807e+00   1.181709416612149344e+00   4.035842017846638541e+00   3.520902164506040322e+00   2.655016134110298465e-01   1.219668472094974421e+00
5.895547648503343119e-01   1.068741032497086962e+00   1.176984543409983042e+00   4.045633464115874212e+00   3.526703232918299236e+00   2.641714930372833225e-01   1.224153386396222620e+00
5.912806689892795564e-01   1.065980712705936639e+00   1.172309414139548034e+00   4.055450424913024321e+00   3.532313405729698097e+00   2.628513730947156790e-01   1.228698770998632117e+00
5.930065731282248009e-01   1.063241691888492824e+00   1.167683880917675721e+00   4.065508937120405619e+00   3.538330893344974193e+00   2.615273286403314024e-01   1.233303615508674733e+00
5.947324772671700455e-01   1.060524052096411651e+00   1.163107793604283735e+00   4.075615880850838479e+00   3.544183437064987174e+00   2.602119736256924276e-01   1.237972303274462282e+00
5.964583814061152900e-01   1.057827873383644146e+00   1.158581000031956298e+00   4.085946048744319548e+00   3.550387515200642774e+00   2.588942342272807506e-01   1.242703061293236821e+00
5.981842855450605345e-01   1.055153233967416782e+00   1.154103346232505434e+00   4.096342587789990830e+00   3.556486705787850422e+00   2.575842257706966731e-01   1.247499379612061476e+00
5.999101896840057790e-01   1.052500210243920264e+00   1.149674676642516991e+00   4.106951345547804166e+00   3.562887134595485339e+00   2.562728704796800594e-01   1.252359566453566497e+00
6.016360938229510236e-01   1.049868876979076049e+00   1.145294834308046683e+00   4.117656776160769638e+00   3.569243453762283913e+00   2.549675541335320594e-01   1.257287074518868897e+00
6.033619979618962681e-01   1.047259307556146268e+00   1.140963661067422530e+00   4.128550127374513323e+00   3.575846432386168061e+00   2.536627327381233421e-01   1.262283218116782013e+00
6.050879021008415126e-01   1.044671573659911701e+00   1.136680997732382403e+00   4.139563680834268844e+00   3.582463728815249215e+00   2.523627256893348214e-01   1.267346287510035419e+00
6.068138062397867571e-01   1.042105745799176475e+00   1.132446684255697500e+00   4.150748594359910726e+00   3.589278898442166632e+00   2.510645301946745067e-01   1.272481692301800749e+00
6.085397103787320017e-01   1.039561893275845250e+00   1.128260559889475267e+00   4.162089706379052956e+00   3.596167505482728455e+00   2.497692184967936213e-01   1.277689036289380686e+00
6.102656145176772462e-01   1.037040084053842293e+00   1.124122463335212263e+00   4.173573855925012843e+00   3.603203260073683190e+00   2.484777123523544962e-01   1.282970300329232094e+00
6.119915186566224907e-01   1.034540385113814409e+00   1.120032232886678303e+00   4.185241435975427748e+00   3.610366603787502182e+00   2.471877431541056602e-01   1.288324910907801435e+00
6.137174227955677352e-01   1.032062862298403161e+00   1.115989706560908346e+00   4.197031771522619970e+00   3.617632592910316802e+00   2.459030377851979532e-01   1.293753595877982221e+00
6.154433269345129798e-01   1.029607580831566338e+00   1.111994722226055110e+00   4.209045500137004403e+00   3.625080863217022387e+00   2.446178310018393975e-01   1.299259766972695296e+00
6.171692310734582243e-01   1.027174604783226641e+00   1.108047117717632757e+00   4.221151563196348100e+00   3.632587646366604250e+00   2.433399013053745008e-01   1.304847544672584903e+00
6.188951352124034688e-01   1.024763997590866893e+00   1.104146730951437005e+00   4.233510072784831380e+00   3.640323842455920555e+00   2.420601297676304442e-01   1.310515295569413707e+00
6.206210393513487134e-01   1.022375821767241177e+00   1.100293400025025958e+00   4.245938812268163609e+00   3.648081257805273037e+00   2.407891085978914603e-01   1.316263292348781366e+00
6.223469434902939579e-01   1.020010139470741706e+00   1.096486963317277574e+00   4.258662120593268874e+00   3.656115419594947014e+00   2.395142208014955920e-01   1.322095609078094647e+00
6.240728476292392024e-01   1.017667011917410491e+00   1.092727259577535470e+00   4.271425088373728585e+00   3.664136094839421265e+00   2.382499963975417967e-01   1.328011855303075750e+00
6.257987517681844469e-01   1.015346500000987362e+00   1.089014128012468996e+00   4.284511582710263333e+00   3.672470783878137190e+00   2.369806873899748534e-01   1.334016185557951983e+00
6.275246559071296915e-01   1.013048664173311408e+00   1.085347408361188037e+00   4.297615815955213137e+00   3.680764980716191737e+00   2.357234121329072896e-01   1.340110074931275541e+00
4.291518193326309127e-01   1.342436425553501067e+00   1.708696114497953777e+00   3.200274337179322082e+00   2.967905390389349307e+00   4.194754212030166740e-01   9.802069745353417796e-01
4.291522717680454901e-01   1.342644312437755616e+00   1.709180512208859692e+00   3.201456957890482791e+00   2.968943404860323376e+00   4.193854017398554457e-01   9.802218196522067828e-01
4.291699450264283011e-01   1.344184601853498862e+00   1.712769483786205527e+00   3.210192522419338612e+00   2.976809090606461261e+00   4.187239838314943396e-01   9.803349100094416180e-01
4.292804028913208003e-01   1.347025054554592316e+00   1.719387028566021325e+00   3.227483086565487547e+00   2.992233454135024839e+00   4.173608407621504646e-01   9.805951069700655776e-01
4.293908607562132995e-01   1.348534117037729629e+00   1.722901805951653209e+00   3.237357516622499709e+00   3.001041228100048919e+00   4.165539672753353351e-01   9.807654650801231888e-01
4.300812224117914195e-01   1.353119567663156886e+00   1.733573132054547550e+00   3.272276138080106644e+00   3.032092649908263216e+00   4.135102022462726623e-01   9.815320584144012761e-01
4.307715840673695396e-01   1.355316149060740827e+00   1.738676509070987697e+00   3.294187565711905741e+00   3.051343492586590322e+00   4.114265268826136634e-01   9.821568766026907982e-01
4.324974882063148396e-01   1.357692982227604261e+00   1.744184890659323806e+00   3.331925630226283186e+00   3.084240667016036497e+00   4.074799779175738434e-01   9.835665599346817833e-01
4.342233923452601396e-01   1.358122005250493203e+00   1.745175558256274240e+00   3.359237910160733254e+00   3.107643925438830390e+00   4.042946768201688967e-01   9.849112167890240466e-01
4.359492964842054397e-01   1.357557163778892573e+00   1.743877674004214118e+00   3.381303969749063221e+00   3.126277088338171417e+00   4.014892408148803549e-01   9.862423534955936377e-01
4.376752006231507397e-01   1.356361952022894002e+00   1.741141661068435154e+00   3.399995726825900455e+00   3.141896896628455949e+00   3.989304872712705063e-01   9.875797655130440500e-01
4.394011047620960397e-01   1.354722371087291322e+00   1.737403046261013495e+00   3.416328727626590567e+00   3.155381111504729219e+00   3.965433303101517093e-01   9.889316464800577133e-01
4.411270089010413398e-01   1.352749192026408309e+00   1.732921323123763679e+00   3.430867755211742143e+00   3.167247956824841282e+00   3.942877687347413618e-01   9.903023330989623174e-01
4.428529130399866398e-01   1.350514931716361389e+00   1.727866380368714205e+00   3.444214103568152829e+00   3.177824636661396696e+00   3.921112018899314822e-01   9.916935185399761155e-01
4.445788171789319398e-01   1.348070260659369524e+00   1.722356882445766679e+00   3.456261944023884425e+00   3.187481211696311156e+00   3.900370638835046200e-01   9.931081100784187043e-01
4.463047213178772399e-01   1.345452316979958596e+00   1.716479730513098545e+00   3.467620190807153335e+00   3.196237872290295989e+00   3.880045226829699212e-01   9.945474687016232496e-01
4.480306254568225399e-01   1.342689333306793742e+00   1.710300903411873019e+00   3.478124185307076122e+00   3.204321538407406411e+00   3.860383533684122459e-01   9.960114396563722883e-01
4.497565295957678400e-01   1.339803402349957651e+00   1.703871938577560252e+00   3.487926668452530521e+00   3.211713306738129603e+00   3.841260237688371437e-01   9.975026493559376872e-01
4.293908607562132995e-01   1.348534117042504477e+00   1.722901805951863485e+00   3.237357516634586041e+00   3.001041228105294945e+00   4.165539672752551215e-01   9.807648884909310194e-01
4.300812224117914195e-01   1.353119567623025432e+00   1.733573132052855792e+00   3.272276138062322204e+00   3.032092649898738834e+00   4.135102022362559526e-01   9.815314370766886620e-01
4.307715840673695396e-01   1.355316149084160315e+00   1.738676509071639176e+00   3.294187565712451526e+00   3.051343492586805706e+00   4.114265268896547534e-01   9.821564744200053099e-01
4.324974882063148396e-01   1.357692982197704623e+00   1.744184890659195020e+00   3.331925630222937418e+00   3.084240667014503501e+00   4.074799779090093610e-01   9.835669255397926358e-01
4.342233923452601396e-01   1.358122005262544008e+00   1.745175558255607440e+00   3.359237910155515650e+00   3.107643925435654264e+00   4.042946768243841915e-01   9.849111182422800592e-01
4.359492964842054397e-01   1.357557163779460785e+00   1.743877674004757905e+00   3.381303969753222560e+00   3.126277088340562393e+00   4.014892408145546154e-01   9.862429453246239763e-01
4.376752006231507397e-01   1.356361952050178843e+00   1.741141661068391411e+00   3.399995726828385134e+00   3.141896896629751801e+00   3.989304872790039314e-01   9.875802155066262245e-01
4.394011047620960397e-01   1.354722371126854341e+00   1.737403046261374540e+00   3.416328727629174722e+00   3.155381111506077474e+00   3.965433303214322969e-01   9.889323034613028973e-01
4.411270089010413398e-01   1.352749191979683019e+00   1.732921323122789126e+00   3.430867755207925196e+00   3.167247956822499155e+00   3.942877687215609050e-01   9.903014769058245959e-01
4.428529130399866398e-01   1.350514931681345843e+00   1.727866380369755372e+00   3.444214103572906360e+00   3.177824636664204228e+00   3.921112018792238252e-01   9.916932123773484209e-01
4.445788171789319398e-01   1.348070260695862777e+00   1.722356882445285953e+00   3.456261944022370081e+00   3.187481211695118333e+00   3.900370638942341484e-01   9.931076605219798514e-01
4.463047213178772399e-01   1.345452316958358097e+00   1.716479730513156721e+00   3.467620190801793179e+00   3.196237872287076343e+00   3.880045226773405354e-01   9.945474657437893828e-01
4.480306254568225399e-01   1.342689333371026805e+00   1.710300903411749340e+00   3.478124185307026384e+00   3.204321538407122194e+00   3.860383533868854689e-01   9.960118568269076267e-01
4.497565295957678400e-01   1.339803402335860483e+00   1.703871938577462997e+00   3.487926668430085364e+00   3.211713306728201989e+00   3.841260237672673994e-01   9.975017262437820831e-01
4.514824337347131400e-01   1.336812220798265116e+00   1.697234026127834250e+00   3.497198834826882319e+00   3.218717976051800544e+00   3.822522778761133222e-01   9.990178002970151461e-01
4.532083378736584400e-01   1.333730241601529087e+00   1.690420712446305096e+00   3.506082355612125667e+00   3.225218205589375664e+00   3.804047099654263020e-01   1.000561533662690294e+00
4.549342420126037401e-01   1.330569461310233237e+00   1.683459751911959623e+00   3.514527062959855730e+00   3.231293279315556433e+00   3.785913260800608526e-01   1.002130356737830574e+00
4.566601461515490401e-01   1.327339976548728373e+00   1.676374414572415983e+00   3.522588824219893944e+00   3.237006265382850856e+00   3.768080927931402035e-01   1.003727262402865250e+00
4.583860502904943401e-01   1.324050386174917548e+00   1.669184433957649816e+00   3.530321171030619265e+00   3.242405118714375867e+00   3.750509718605525289e-01   1.005349928404271953e+00
4.601119544294396402e-01   1.320708090138168478e+00   1.661906709646024494e+00   3.537756759198590117e+00   3.247531837535057697e+00   3.733179469459481647e-01   1.007000001729324801e+00
4.618378585683849402e-01   1.317319514082441856e+00   1.654555838306792426e+00   3.544929877964030140e+00   3.252415480438105355e+00   3.716066493363253120e-01   1.008679125468853632e+00
4.635637627073302403e-01   1.313890282720535652e+00   1.647144522042656822e+00   3.551856033330476503e+00   3.257084553771700808e+00   3.699165367039207730e-01   1.010384294232586910e+00
4.652896668462755403e-01   1.310425354716585389e+00   1.639683887191689005e+00   3.558587874537705531e+00   3.261556477623433370e+00   3.682430786922248345e-01   1.012116546838958797e+00
4.670155709852208403e-01   1.306929129378886500e+00   1.632183736625048232e+00   3.565238700460288346e+00   3.265850116319972685e+00   3.665754916242091044e-01   1.013877220564781689e+00
4.687414751241661404e-01   1.303405532144211065e+00   1.624652751851326293e+00   3.571718836623331672e+00   3.269975661191195204e+00   3.649238900832513233e-01   1.015664489556819872e+00
4.704673792631114404e-01   1.299858083789104279e+00   1.617098656715509009e+00   3.578026698692363894e+00   3.273944226734082807e+00   3.632890957085798678e-01   1.017480097326201260e+00
4.721932834020567404e-01   1.296289956806162991e+00   1.609528351312850658e+00   3.584165025690204676e+00   3.277761711237633158e+00   3.616713927831868292e-01   1.019324007548663147e+00
4.739191875410020405e-01   1.292704021787585367e+00   1.601948022533147498e+00   3.590134188179275210e+00   3.281432234943233439e+00   3.600712268761118162e-01   1.021194557954454352e+00
4.756450916799473405e-01   1.289102886920886704e+00   1.594363236081518531e+00   3.596093793070215039e+00   3.284959564932703469e+00   3.584730991736166938e-01   1.023095658101702998e+00
4.773709958188926405e-01   1.285488929390567137e+00   1.586779013668858429e+00   3.602036469466105562e+00   3.288501588472064974e+00   3.568783770757052998e-01   1.025022615599564091e+00
4.790968999578379406e-01   1.281864323882359713e+00   1.579199898212702236e+00   3.607823433140496139e+00   3.291930641315213624e+00   3.553012911074024949e-01   1.026979447824664327e+00
4.808228040967832406e-01   1.278231065272279920e+00   1.571630009276712148e+00   3.613444513626212107e+00   3.295233605930822485e+00   3.537431003719861966e-01   1.028964531675807370e+00
4.825487082357285407e-01   1.274590988643921952e+00   1.564073090487029249e+00   3.619145713523211239e+00   3.298406145999080330e+00   3.521800694239297091e-01   1.030979208270491609e+00
4.842746123746738407e-01   1.270945786458582916e+00   1.556532550331890086e+00   3.624828377460457052e+00   3.301629603125066925e+00   3.506223341114437786e-01   1.033021872045202461e+00
4.860005165136191407e-01   1.267297023303740389e+00   1.549011497423755213e+00   3.630347327639542598e+00   3.304778019346490403e+00   3.490842360055226301e-01   1.035092777896847727e+00
4.877264206525644408e-01   1.263646148946463654e+00   1.541512771154733841e+00   3.635826560947827080e+00   3.307801434230930759e+00   3.475540232086985482e-01   1.037193659932868828e+00
4.894523247915097408e-01   1.259994509249168004e+00   1.534038968445990081e+00   3.641450216343369295e+00   3.310805792848873441e+00   3.460144817013083296e-01   1.039323154304752750e+00
4.911782289304550408e-01   1.256343356202137329e+00   1.526592467202584347e+00   3.646902765602546559e+00   3.313842438484148278e+00   3.444959838391968843e-01   1.041482674516567730e+00
4.929041330694003409e-01   1.252693856422069985e+00   1.519175446954635023e+00   3.652311097091579750e+00   3.316752186708858741e+00   3.429866249399234346e-01   1.043672383721800268e+00
4.946300372083456409e-01   1.249047099004656047e+00   1.511789907095316243e+00   3.657898818264754492e+00   3.319653213905410016e+00   3.414657323947475898e-01   1.045890719873487473e+00
4.963559413472909410e-01   1.245404101979943334e+00   1.504437683049779872e+00   3.663300471470340103e+00   3.322602297266985083e+00   3.399677726899849595e-01   1.048140707521616477e+00
4.980818454862362410e-01   1.241765818641056285e+00   1.497120460662245467e+00   3.668762273375302918e+00   3.325416929694780421e+00   3.384699596517104503e-01   1.050420883168160291e+00
4.998077496251815410e-01   1.238133142630545080e+00   1.489839789033041484e+00   3.674321100674456275e+00   3.328309185412976490e+00   3.369692274317762082e-01   1.052729959393630566e+00
5.015336537641268411e-01   1.234506913235804859e+00   1.482597092011362028e+00   3.679672452803846916e+00   3.331181482302793651e+00   3.354936965368023327e-01   1.055072260555252495e+00
5.032595579030720856e-01   1.230887918940538839e+00   1.475393678510642737e+00   3.685294109015889052e+00   3.333928212802945712e+00   3.339999149400946221e-01   1.057444242669097978e+00
5.049854620420173301e-01   1.227276901988034297e+00   1.468230751795713385e+00   3.690818835801679576e+00   3.336870660899242225e+00   3.325215776193627404e-01   1.059847689800109016e+00
5.067113661809625746e-01   1.223674561580537556e+00   1.461109417860464443e+00   3.696276954075888632e+00   3.339666738524729173e+00   3.310559724782501378e-01   1.062282320832568461e+00
5.084372703199078192e-01   1.220081557257003624e+00   1.454030693007590802e+00   3.701984658117432936e+00   3.342530554610375404e+00   3.295749901560777184e-01   1.064749413468917050e+00
5.101631744588530637e-01   1.216498511351460365e+00   1.446995510723785294e+00   3.707460187865831536e+00   3.345404854346827772e+00   3.281218002914624843e-01   1.067247555531307679e+00
5.118890785977983082e-01   1.212926012372122386e+00   1.440004727921373684e+00   3.713222430449699463e+00   3.348202356992806994e+00   3.266505131569044651e-01   1.069779189364041816e+00
5.136149827367435527e-01   1.209364616351308541e+00   1.433059130627839517e+00   3.718884563611801752e+00   3.351161837867860704e+00   3.251955245356599189e-01   1.072344769974824530e+00
5.153408868756887973e-01   1.205814849963985580e+00   1.426159439176218013e+00   3.724577116596701654e+00   3.353956387081458157e+00   3.237454379964047613e-01   1.074940802484354752e+00
5.170667910146340418e-01   1.202277212030708142e+00   1.419306312940640691e+00   3.730433974387075580e+00   3.356970104129488153e+00   3.222888329576311106e-01   1.077571339253655669e+00
5.187926951535792863e-01   1.198752175555227950e+00   1.412500354688827287e+00   3.736079248205690817e+00   3.359855028176426561e+00   3.208583372879327822e-01   1.080235451126718260e+00
5.205185992925245309e-01   1.195240189114542773e+00   1.405742114561877809e+00   3.742139538545136812e+00   3.362858539712410000e+00   3.194002192604571966e-01   1.082932951204341521e+00
