# freq   mass   ang   radius99   radius95   compactness   kappa
9.904653740000000095e-01   3.977361032380215544e-01   3.989734310613974322e-01   6.566315380000000346e+01   5.280503339999999923e+01   6.057218999999999971e-03   2.383211259999999925e+02
9.855130469999999754e-01   4.833759711860735053e-01   4.856460180337610621e-01   5.088654900000000225e+01   4.112322470000000152e+01   9.499091209999999466e-03   1.514226859999999988e+02
9.805607200000000523e-01   5.520565772644747682e-01   5.555054648812761675e-01   4.274068799999999868e+01   3.472818879999999808e+01   1.291641760000000055e-02   1.089705790000000007e+02
9.756083930000000182e-01   6.096829136366118673e-01   6.144184098133681493e-01   3.723016129999999890e+01   3.036468100000000092e+01   1.637604809999999855e-02   8.386228920000000642e+01
9.706560669999999558e-01   6.592924643280141384e-01   6.653940590010525291e-01   3.317643569999999897e+01   2.715685789999999855e+01   1.987231149999999988e-02   6.731394749999999760e+01
9.637228089999999581e-01   7.186199004572738636e-01   7.267270861456848197e-01   2.907930370000000053e+01   2.385762559999999866e+01   2.471241780000000068e-02   5.184896729999999820e+01
9.567895509999999604e-01   7.688431526092386337e-01   7.790234627342494944e-01   2.605051750000000155e+01   2.136636049999999898e+01   2.951354629999999868e-02   4.145317459999999699e+01
9.498562940000000454e-01   8.119229977461795977e-01   8.242080126273735319e-01   2.368324850000000126e+01   1.942813830000000053e+01   3.428258569999999977e-02   3.402053279999999802e+01
9.429230360000000477e-01   8.491955853829628031e-01   8.635880902318439079e-01   2.176141420000000082e+01   1.782870069999999885e+01   3.902299619999999997e-02   2.846837430000000069e+01
9.359897790000000217e-01   8.816280205312861940e-01   8.981072575644015732e-01   2.014892430000000090e+01   1.649880020000000158e+01   4.375558739999999697e-02   2.418314140000000023e+01
9.262832180000000193e-01   9.202647968050344796e-01   9.395942680942581671e-01   1.826227869999999953e+01   1.496055300000000088e+01   5.039156449999999954e-02   1.962759900000000002e+01
9.165766570000000169e-01   9.523452050924799961e-01   9.744040563317751813e-01   1.670183060000000097e+01   1.368817860000000053e+01   5.702040850000000133e-02   1.621997640000000018e+01
9.068700969999999861e-01   9.790054644689766272e-01   1.003640401596030740e+00   1.540374010000000027e+01   1.261212360000000032e+01   6.355634770000000155e-02   1.359698769999999968e+01
8.971635359999999837e-01   1.001130162087102482e+00   1.028163846706575679e+00   1.427137079999999969e+01   1.168577340000000042e+01   7.014954480000000492e-02   1.153264199999999917e+01
8.874569749999999813e-01   1.019429749697325693e+00   1.048667917285679652e+00   1.329777050000000038e+01   1.088535549999999930e+01   7.666170429999999425e-02   9.879023319999999941e+00
8.777504149999999505e-01   1.034488807384496223e+00   1.065726450459534513e+00   1.243766399999999983e+01   1.017819569999999985e+01   8.317388269999999306e-02   8.535310040000000598e+00
8.680438539999999481e-01   1.046797564204325903e+00   1.079824343593257963e+00   1.166790570000000038e+01   9.546176120000000154e+00   8.971597789999999351e-02   7.430444579999999632e+00
8.583372929999999457e-01   1.056773228924635655e+00   1.091378292179979947e+00   1.097807019999999945e+01   8.985006750000000153e+00   9.626220359999999865e-02   6.512949200000000438e+00
8.486307330000000260e-01   1.064774910801270957e+00   1.100751137658961376e+00   1.036056879999999936e+01   8.474906920000000454e+00   1.027718579999999937e-01   5.744633649999999925e+00
8.389241720000000235e-01   1.071114326726898103e+00   1.108262093120687686e+00   9.798368310000000747e+00   8.015892129999999227e+00   1.093155809999999950e-01   5.096610420000000197e+00
8.292176110000000211e-01   1.076063707252801871e+00   1.114194171863839067e+00   9.284794850000000821e+00   7.596043739999999822e+00   1.158952599999999999e-01   4.546637849999999759e+00
8.195110509999999904e-01   1.079861729089390376e+00   1.118799690177445738e+00   8.814120109999999286e+00   7.211697540000000295e+00   1.225149779999999966e-01   4.077342719999999865e+00
8.098044899999999879e-01   1.082718106726301865e+00   1.122304437200398741e+00   8.381101010000000073e+00   6.860570339999999767e+00   1.291856650000000051e-01   3.674975569999999969e+00
8.000979289999999855e-01   1.084817217186235361e+00   1.124910893830173286e+00   7.981302119999999611e+00   6.537162440000000352e+00   1.359198279999999925e-01   3.328526779999999796e+00
7.903913689999999548e-01   1.086321008581533576e+00   1.126800763286423646e+00   7.612376629999999977e+00   6.238714739999999814e+00   1.427045799999999975e-01   3.029096120000000170e+00
7.806848079999999523e-01   1.087371443142560734e+00   1.128137024209749706e+00   7.271024259999999906e+00   5.962757919999999601e+00   1.495485920000000080e-01   2.769424429999999937e+00
7.709782469999999499e-01   1.088092506548859362e+00   1.129065629640713553e+00   6.952564380000000099e+00   5.707063200000000336e+00   1.565023269999999966e-01   2.543548320000000196e+00
7.612716870000000302e-01   1.088591970570143896e+00   1.129716891667845724e+00   6.656163209999999886e+00   5.469892620000000427e+00   1.635464660000000015e-01   2.346519929999999921e+00
7.515651260000000278e-01   1.088962897080513637e+00   1.130206714878452479e+00   6.379920420000000369e+00   5.249900570000000322e+00   1.706859689999999929e-01   2.174236819999999959e+00
7.418585650000000253e-01   1.089284970981101663e+00   1.130637595055885125e+00   6.121522170000000429e+00   5.044858569999999709e+00   1.779434819999999862e-01   2.023245580000000210e+00
7.321520049999999946e-01   1.089625650094536935e+00   1.131099494531726313e+00   5.878996960000000271e+00   4.853654009999999630e+00   1.853421010000000091e-01   1.890651649999999906e+00
7.224454439999999922e-01   1.090041163862214280e+00   1.131670550425287303e+00   5.652704840000000175e+00   4.675542209999999699e+00   1.928353230000000029e-01   1.774001249999999974e+00
7.127388829999999897e-01   1.090577372780985099e+00   1.132417603833792752e+00   5.439832280000000075e+00   4.508916170000000001e+00   2.004799630000000110e-01   1.671220160000000066e+00
7.030323229999999590e-01   1.091270440832793787e+00   1.133396557931003912e+00   5.239553800000000372e+00   4.353019149999999726e+00   2.082754529999999993e-01   1.580530980000000030e+00
6.933257619999999566e-01   1.092147356717115159e+00   1.134652501312298556e+00   5.050931799999999861e+00   4.207196579999999742e+00   2.162269059999999965e-01   1.500422300000000098e+00
6.836192009999999541e-01   1.093226236245346428e+00   1.136219552818601874e+00   4.872972309999999752e+00   4.070302540000000135e+00   2.243448490000000128e-01   1.429596340000000021e+00
6.739126410000000345e-01   1.094516413854900172e+00   1.138120340303948597e+00   4.704738120000000023e+00   3.941656130000000147e+00   2.326413049999999927e-01   1.366933079999999912e+00
6.642060800000000320e-01   1.096018203876788721e+00   1.140364997959339544e+00   4.546111989999999992e+00   3.820552349999999819e+00   2.410891340000000105e-01   1.311470039999999893e+00
6.544995190000000296e-01   1.097722279831347292e+00   1.142949503143587897e+00   4.395144929999999839e+00   3.706258959999999991e+00   2.497579249999999917e-01   1.262381119999999912e+00
6.447929589999999989e-01   1.099608548407010389e+00   1.145853050326758549e+00   4.252184100000000022e+00   3.598186489999999793e+00   2.585985279999999942e-01   1.218938920000000037e+00
6.350863979999999964e-01   1.101644195833385798e+00   1.149034020491232599e+00   4.115733889999999562e+00   3.495667099999999916e+00   2.676665280000000147e-01   1.180526350000000058e+00
6.253798369999999940e-01   1.103780572423243900e+00   1.152423718384697926e+00   3.985188239999999826e+00   3.397931369999999784e+00   2.769707490000000161e-01   1.146591590000000105e+00
6.156732769999999633e-01   1.105948123487580537e+00   1.155916544702413562e+00   3.859604880000000016e+00   3.304247249999999969e+00   2.865443890000000104e-01   1.116666249999999971e+00
6.059667159999999608e-01   1.108048013806734788e+00   1.159353881649219931e+00   3.738450579999999857e+00   3.213783659999999820e+00   2.963923119999999911e-01   1.090333699999999961e+00
5.962601549999999584e-01   1.109937513227742700e+00   1.162496380085075165e+00   3.620125680000000123e+00   3.125600749999999817e+00   3.066019289999999953e-01   1.067241509999999893e+00
5.865535950000000387e-01   1.111402805042306818e+00   1.164972584309423409e+00   3.503129449999999867e+00   3.038351490000000155e+00   3.172599879999999928e-01   1.047066510000000061e+00
5.768470340000000363e-01   1.112102744608783444e+00   1.166173384481810071e+00   3.385597390000000040e+00   2.950225399999999887e+00   3.284805060000000054e-01   1.029539930000000103e+00
5.671404730000000338e-01   1.111433700995634544e+00   1.164999202973655335e+00   3.263644549999999978e+00   2.858139140000000022e+00   3.405498619999999810e-01   1.014409789999999978e+00
5.574339130000000031e-01   1.108111966241742685e+00   1.159082124583890483e+00   3.129588860000000139e+00   2.755809140000000212e+00   3.540758920000000032e-01   1.001441299999999979e+00
5.535512879999999747e-01   1.105376880586961486e+00   1.154157341454441488e+00   3.068766860000000207e+00   2.708786920000000098e+00   3.602022990000000036e-01   9.967937770000000475e-01
5.496686640000000290e-01   1.101098668392696878e+00   1.146399556570347533e+00   2.999320389999999836e+00   2.654627969999999948e+00   3.671160549999999967e-01   9.923976469999999939e-01
5.457860399999999723e-01   1.093668973466039418e+00   1.132830193129390706e+00   2.911550790000000166e+00   2.585382699999999812e+00   3.756310809999999778e-01   9.881441010000000524e-01
5.423880869999999632e-01   1.066812953509539863e+00   1.083394089494969847e+00   2.710699239999999843e+00   2.422938520000000207e+00   3.935563710000000159e-01   9.829754569999999969e-01
5.442329900000000276e-01   1.088576620075882628e+00   1.123485939835935810e+00   2.863799839999999985e+00   2.547265349999999984e+00   3.801161679999999765e-01   9.863854399999999467e-01
5.426799399999999718e-01   1.078774012482943911e+00   1.105444748233569419e+00   2.787389929999999794e+00   2.485623589999999883e+00   3.870194129999999788e-01   9.842966440000000539e-01
5.434504690000000471e-01   1.052877816199495609e+00   1.057722942279927025e+00   2.634896320000000181e+00   2.360140149999999881e+00   3.995898460000000263e-01   9.822949109999999928e-01
5.440580259999999724e-01   1.048188470977362341e+00   1.049099024258906221e+00   2.611652639999999970e+00   2.340743300000000193e+00   4.013506439999999786e-01   9.821913749999999776e-01
5.424314519999999806e-01   1.074925256029371168e+00   1.098351025412905413e+00   2.761205429999999961e+00   2.464261449999999964e+00   3.892956470000000224e-01   9.837614639999999744e-01
5.464812249999999594e-01   1.034072175553343964e+00   1.023207797588556067e+00   2.546634969999999942e+00   2.286097199999999940e+00   4.060543389999999864e-01   9.821189620000000398e-01
5.479856010000000444e-01   1.026985459529049516e+00   1.010257721946664189e+00   2.516281719999999833e+00   2.260413129999999882e+00   4.081361210000000184e-01   9.821794190000000535e-01
5.423916939999999798e-01   1.073881167771699729e+00   1.096426181657910615e+00   2.754320299999999833e+00   2.458704790000000084e+00   3.898897190000000235e-01   9.836395089999999675e-01
5.423519359999999789e-01   1.072294337284843468e+00   1.093500531832018119e+00   2.744148839999999812e+00   2.450376229999999822e+00   3.907566230000000251e-01   9.834642820000000230e-01
5.545270970000000244e-01   1.002001702513220849e+00   9.649246964071296340e-01   2.418015420000000137e+00   2.176493279999999864e+00   4.143901210000000002e-01   9.826969660000000051e-01
5.423462639999999668e-01   1.068761702336987085e+00   1.086987044166257910e+00   2.722298900000000188e+00   2.432470669999999835e+00   3.925952819999999899e-01   9.831308239999999588e-01
5.424072709999999686e-01   1.066203915288810089e+00   1.082271255350330197e+00   2.707166009999999901e+00   2.419986939999999809e+00   3.938450430000000058e-01   9.829293540000000329e-01
5.425289699999999993e-01   1.063438395230036138e+00   1.077173331537164991e+00   2.691258449999999858e+00   2.406910310000000219e+00   3.951453990000000083e-01   9.827451999999999854e-01
5.427063100000000251e-01   1.060640192703697915e+00   1.072016588035906492e+00   2.675732229999999934e+00   2.394051399999999941e+00   3.963925030000000072e-01   9.825919880000000273e-01
5.429349879999999517e-01   1.057830387782008552e+00   1.066840387842855398e+00   2.660570710000000005e+00   2.381475749999999891e+00   3.975952910000000173e-01   9.824631729999999674e-01
5.433663210000000410e-01   1.053604955345746719e+00   1.059061009611857340e+00   2.638575320000000168e+00   2.363230859999999822e+00   3.993082729999999914e-01   9.823171189999999608e-01
5.438945229999999631e-01   1.049371222979202711e+00   1.051273235957611130e+00   2.617398909999999912e+00   2.345560289999999881e+00   4.009213939999999865e-01   9.822141479999999536e-01
5.445110840000000341e-01   1.045130750400818709e+00   1.043481280507235098e+00   2.596954090000000104e+00   2.328444989999999937e+00   4.024448310000000029e-01   9.821495550000000074e-01
5.452089919999999479e-01   1.040883855920481160e+00   1.035686937732712698e+00   2.577158639999999945e+00   2.311831590000000158e+00   4.038881570000000254e-01   9.821173130000000473e-01
5.459824149999999987e-01   1.036630408235361456e+00   1.027891098901725364e+00   2.557938669999999970e+00   2.295643000000000100e+00   4.052600709999999995e-01   9.821120890000000214e-01
5.472736470000000297e-01   1.030237277516441008e+00   1.016195574035376081e+00   2.530046519999999965e+00   2.272074739999999871e+00   4.072009220000000207e-01   9.821472100000000482e-01
5.487105140000000381e-01   1.023827435528495755e+00   1.004498692373136715e+00   2.503134800000000215e+00   2.249263480000000204e+00   4.090180990000000238e-01   9.822240100000000362e-01
5.502824710000000508e-01   1.017399513539015476e+00   9.928009353587105013e-01   2.477143869999999914e+00   2.227110919999999883e+00   4.107147449999999922e-01   9.823342470000000493e-01
5.519811869999999843e-01   1.010952122921121354e+00   9.811025815132475847e-01   2.451854589999999945e+00   2.205530850000000154e+00   4.123214020000000035e-01   9.824725680000000461e-01
5.538000539999999861e-01   1.004483918815544330e+00   9.694038059071856672e-01   2.427279260000000161e+00   2.184449530000000195e+00   4.138312129999999756e-01   9.826303790000000538e-01
5.567424850000000092e-01   9.947397210867202633e-01   9.518550675508605785e-01   2.391452070000000152e+00   2.153620230000000024e+00   4.159563689999999925e-01   9.829040919999999515e-01
5.599304990000000259e-01   9.849414464871071306e-01   9.343058517297063714e-01   2.356749499999999831e+00   2.123616279999999801e+00   4.179236900000000143e-01   9.832080039999999688e-01
