# freq   mass   ang   radius99   radius95   compactness   kappa
1.297955770593116065e-01   7.571129570838593281e+00   3.535093420473882730e+01   1.889809545679535319e+01   1.850249365190279249e+01   4.006292373825520170e-01   8.692456906740833045e-01
1.297968467731146214e-01   7.572525694428918541e+00   3.536176966551688849e+01   1.890507231891630369e+01   1.850903770308142526e+01   4.005552354778296187e-01   8.693972366146300867e-01
1.298000210576221447e-01   7.574937889767738852e+00   3.538041463195191483e+01   1.891727613968764388e+01   1.852051100237324377e+01   4.004243440669473797e-01   8.696623602604646175e-01
1.298198603357941516e-01   7.582577740348028783e+00   3.543870933959138370e+01   1.895740623593961161e+01   1.855847948118364954e+01   3.999797042895516519e-01   8.705358213252022415e-01
1.298694585312241412e-01   7.592353982786222311e+00   3.551180058536132833e+01   1.901247989878800126e+01   1.861282915446355446e+01   3.993352799426347355e-01   8.717855256304211098e-01
1.301794472526616175e-01   7.628932271893177131e+00   3.579761576410933088e+01   1.924693498467297914e+01   1.884603421045757443e+01   3.963712808282652822e-01   8.796928757514125286e-01
1.309544190562553223e-01   7.640563427551569475e+00   3.589165910732172193e+01   1.947639450492903634e+01   1.907498197471949197e+01   3.922986580302588733e-01   8.919103433981989681e-01
1.328918485652396120e-01   7.588296496487374476e+00   3.549741352870050548e+01   1.970053050041753906e+01   1.929970367993709957e+01   3.851823429996743542e-01   9.150049094891523627e-01
1.348292780742239017e-01   7.501766275585397103e+00   3.485310011566155453e+01   1.975876534295389320e+01   1.935990774267564163e+01   3.796677649325177484e-01   9.361712563412034616e-01
1.367667075832081913e-01   7.401041917165002815e+00   3.410152999493699610e+01   1.976186456347519638e+01   1.936528021458959969e+01   3.745113166519699610e-01   9.548715032206410713e-01
1.387041370921924810e-01   7.293166667979789963e+00   3.330036511185920745e+01   1.971664672442558341e+01   1.932123817658786891e+01   3.698989371729621833e-01   9.719768054212185593e-01
1.406415666011767707e-01   7.177711661437342627e+00   3.251918387314724868e+01   1.968168238337057829e+01   1.928669345919978539e+01   3.646899447733150113e-01   9.992216933233032394e-01
1.425789961101610603e-01   7.061910828420423059e+00   3.169291285675226888e+01   1.958141297742825060e+01   1.918995713815911586e+01   3.606435774865061616e-01   1.017741459871539966e+00
1.445164256191453500e-01   6.945684115101812495e+00   3.086599372592993618e+01   1.946311109490339319e+01   1.907542381844586998e+01   3.568640224696969510e-01   1.034648079978475188e+00
1.464538551281296397e-01   6.828788022416006243e+00   3.004980817856091946e+01   1.933832630076400960e+01   1.895519833824355160e+01   3.531219773733064726e-01   1.052222931819180252e+00
1.483912846371139294e-01   6.711394412879371885e+00   2.924723580345623830e+01   1.921216306125181461e+01   1.883163413290736798e+01   3.493304939939477771e-01   1.070900506382476802e+00
1.503287141460982190e-01   6.593862751034407665e+00   2.845932505566626247e+01   1.908244191954346647e+01   1.870444242696402526e+01   3.455460668417514869e-01   1.090563193680808229e+00
1.522661436550825087e-01   6.476701248738095273e+00   2.768672317644456271e+01   1.894898366746096485e+01   1.857353226685027536e+01   3.417967613671984428e-01   1.110801294869971700e+00
1.542035731640667984e-01   6.360434317191106857e+00   2.693020236266985989e+01   1.881156121842252205e+01   1.843872558763268188e+01   3.381130488500981857e-01   1.131170555159708435e+00
1.561410026730510880e-01   6.245441837800512985e+00   2.619064879263636314e+01   1.867040850833826937e+01   1.830028370953336037e+01   3.345101868023550029e-01   1.151416994293739338e+00
1.580784321820353777e-01   6.131920004563994553e+00   2.546881008352481857e+01   1.852620054316251341e+01   1.815888211822515075e+01   3.309863773890275307e-01   1.171502667897613703e+00
1.600158616910196674e-01   6.019940838565275065e+00   2.476514946327835887e+01   1.837975606904410597e+01   1.801532913081056719e+01   3.275310518785552460e-01   1.191509138421560587e+00
1.619532912000039571e-01   5.909519875810702594e+00   2.407985620328253518e+01   1.823181222350401853e+01   1.787035496304595128e+01   3.241323354675784696e-01   1.211548223763850629e+00
1.638907207089882467e-01   5.800662696154972764e+00   2.341292101958396188e+01   1.808292275935576043e+01   1.772451840820497537e+01   3.207812571755757625e-01   1.231709086672673870e+00
1.658281502179725364e-01   5.693393687954767302e+00   2.276421758319787259e+01   1.793342962766135429e+01   1.757818356330130882e+01   3.174737797600640232e-01   1.252028799806986559e+00
1.677655797269568261e-01   5.587772004524367730e+00   2.213356939075736562e+01   1.778571583758168373e+01   1.743152959222263121e+01   3.141718925204718960e-01   1.272477887030480037e+00
1.697030092359411158e-01   5.483897672726925521e+00   2.152079640160377139e+01   1.763807069969194785e+01   1.728551172218102394e+01   3.109125576201881569e-01   1.292956812576883552e+00
1.716404387449254054e-01   5.381908149984042211e+00   2.092573898190422454e+01   1.749031437338036454e+01   1.714008672073035910e+01   3.077079139397925767e-01   1.313302907830258937e+00
1.735778682539096951e-01   5.281959550811052395e+00   2.034825138180075399e+01   1.734223691430098313e+01   1.699445279481345139e+01   3.045719867000187264e-01   1.333316346977053035e+00
1.755152977628939848e-01   5.184179294575529617e+00   1.978814750231168418e+01   1.719358499609416668e+01   1.684843336885956688e+01   3.015182287901685410e-01   1.352823622441440055e+00
1.774527272718782744e-01   5.088584939937732088e+00   1.924509199723677355e+01   1.704417855610507004e+01   1.670193125843353954e+01   2.985526655442744537e-01   1.371786643901052427e+00
1.793901567808625641e-01   4.995020045739011039e+00   1.871850671513696796e+01   1.689404367097205295e+01   1.655504540039461148e+01   2.956675230052608350e-01   1.390392239462916457e+00
1.813275862898468538e-01   4.903215785996394516e+00   1.820764668418304311e+01   1.674340607384290536e+01   1.640805682706801960e+01   2.928445839736490419e-01   1.408976798290199950e+00
1.832650157988311435e-01   4.812969968028369294e+00   1.771184541020605252e+01   1.659248446015885037e+01   1.626124065524867746e+01   2.900692768213863904e-01   1.427789919677340258e+00
1.852024453078154331e-01   4.724259850393877969e+00   1.723068099955498766e+01   1.644602435618157799e+01   1.611539038058536022e+01   2.872584734205484436e-01   1.446840328279142662e+00
1.871398748167997228e-01   4.637206484348666891e+00   1.676393802916318521e+01   1.630045029065754036e+01   1.597215166027739031e+01   2.844833364515360064e-01   1.465938617871732852e+00
1.890773043257840125e-01   4.551968714469353472e+00   1.631146098601399785e+01   1.615544644744418079e+01   1.582970101704640342e+01   2.817606266269096493e-01   1.484836903109254314e+00
1.910147338347683021e-01   4.468636432130551839e+00   1.587299600367430941e+01   1.601106748815288228e+01   1.568814124402282140e+01   2.790967207799882055e-01   1.503373766626161068e+00
1.929521633437525918e-01   4.387165039369961050e+00   1.544809139002976117e+01   1.586746322327566361e+01   1.554766950231602252e+01   2.764881177058294282e-01   1.521566363065746996e+00
1.948895928527368815e-01   4.307403249857429728e+00   1.503614458018269673e+01   1.572475071314404005e+01   1.540845917174081237e+01   2.739250579188481360e-01   1.539578180100248828e+00
1.968270223617211712e-01   4.229208095382659849e+00   1.463658448581108118e+01   1.558674495480665634e+01   1.527130219235625397e+01   2.713336304433757173e-01   1.557564608377035142e+00
1.987644518707054608e-01   4.152536201374914526e+00   1.424901118130260791e+01   1.545115543041318062e+01   1.513782929712424163e+01   2.687524709771087483e-01   1.575546436315293786e+00
2.007018813796897505e-01   4.077430186243191201e+00   1.387316710519366225e+01   1.531647270806502981e+01   1.500552747212341131e+01   2.662120883809092065e-01   1.593424728269718926e+00
2.026393108886740402e-01   4.003938585349260393e+00   1.350880527316051882e+01   1.518217438794962959e+01   1.487398652033305524e+01   2.637262939442495124e-01   1.611089733431836368e+00
2.045767403976583299e-01   3.932050367837518934e+00   1.315558629239528443e+01   1.504779404398487053e+01   1.474287069490094382e+01   2.613041058605727884e-01   1.628512194687513182e+00
2.065141699066426195e-01   3.861694527283021205e+00   1.281308445886549485e+01   1.491440548328248461e+01   1.461196220433091142e+01   2.589237989815674212e-01   1.645746916538796567e+00
2.084515994156269092e-01   3.792794095983708758e+00   1.248088052715242924e+01   1.478516195170451830e+01   1.448409137115934442e+01   2.565270578958016578e-01   1.662858388775886542e+00
2.103890289246111989e-01   3.725312174646091989e+00   1.215863508030901308e+01   1.465639639075273060e+01   1.435738466491533849e+01   2.541765434917229172e-01   1.679856041656893284e+00
2.123264584335954885e-01   3.659246604985241902e+00   1.184607400662806675e+01   1.452807886362907830e+01   1.423148082911020218e+01   2.518740873678855796e-01   1.696700355932729387e+00
2.142638879425797782e-01   3.594592896106860280e+00   1.154292418603000847e+01   1.440014000294894103e+01   1.410639117030920886e+01   2.496220797416371928e-01   1.713354908522368047e+00
2.162013174515640679e-01   3.531320881525857658e+00   1.124887665450991925e+01   1.427391922828417137e+01   1.398208650565732825e+01   2.473967258080349840e-01   1.729820022427048132e+00
2.181387469605483576e-01   3.469384479067798566e+00   1.096360639890698430e+01   1.415216579854505419e+01   1.386210091092277175e+01   2.451486598202853584e-01   1.746119435464311032e+00
2.200761764695326472e-01   3.408745049808317606e+00   1.068681222879387605e+01   1.403126940926569155e+01   1.374327468161391863e+01   2.429391775171331480e-01   1.762267095565053232e+00
2.220136059785169369e-01   3.349379621511275218e+00   1.041822828706728110e+01   1.391087404798644656e+01   1.362535138062832551e+01   2.407742036882353498e-01   1.778254938164115284e+00
2.239510354875012266e-01   3.291270010929451928e+00   1.015760354295930590e+01   1.379054792309317889e+01   1.350803149101560585e+01   2.386612939010206991e-01   1.794068744997002307e+00
2.258884649964855162e-01   3.234390962639850375e+00   9.904681812920669515e+00   1.367307139456306508e+01   1.339222149891063118e+01   2.365518960082346744e-01   1.809705064383937412e+00
2.278258945054698059e-01   3.178710654420797255e+00   9.659203862285641762e+00   1.355839909442736690e+01   1.327906013533404206e+01   2.344458687403056241e-01   1.825171016972919169e+00
2.297633240144540956e-01   3.124198790269474557e+00   9.420921492088078608e+00   1.344406989786730300e+01   1.316657389170484649e+01   2.323848963895286668e-01   1.840471924396821501e+00
2.317007535234383853e-01   3.070830476123774133e+00   9.189603206884337183e+00   1.332988747760461479e+01   1.305465623909389272e+01   2.303718228141865276e-01   1.855606105377337389e+00
2.336381830324226749e-01   3.018582965095788051e+00   8.965027725287345817e+00   1.321588019833415828e+01   1.294317959955415276e+01   2.284057451940489092e-01   1.870569590757472422e+00
2.355756125414069646e-01   2.967431688759802899e+00   8.746977088430000435e+00   1.310697173512360614e+01   1.283553968187814398e+01   2.264010138060939537e-01   1.885361731084328696e+00
2.375130420503912543e-01   2.917350506135335753e+00   8.535237347479828429e+00   1.299863717410290498e+01   1.272893119251360439e+01   2.244351055468763179e-01   1.899985089135671990e+00
2.394504715593755440e-01   2.868314272055272340e+00   8.329602858291661249e+00   1.289059796173144257e+01   1.262302732923572357e+01   2.225121193423680033e-01   1.914441609660596733e+00
2.413879010683598336e-01   2.820299746005048291e+00   8.129877361600973629e+00   1.278249010944565534e+01   1.251759269791367402e+01   2.206377413052704184e-01   1.928731017997954877e+00
7.625564389851262614e-01   1.984544285995752944e-01   1.991493759561525911e-01   5.676686987900981585e+00   4.655520909929469653e+00   3.495955105901586007e-02   3.561463556831252930e+00
7.644938684941104956e-01   1.975712535135016878e-01   1.979926803356272247e-01   5.694841191680326986e+00   4.664231956223542142e+00   3.469302248535680033e-02   3.573820783774686483e+00
7.664312980030947298e-01   1.967013648941247084e-01   1.968562696384044963e-01   5.714366448975151336e+00   4.673078234165195077e+00   3.442225251924512647e-02   3.586421803675935660e+00
7.683687275120789639e-01   1.958447252272890182e-01   1.957399925866785406e-01   5.733514411480439499e+00   4.682055725443055927e+00   3.415788488036961695e-02   3.599295198275620500e+00
7.703061570210631981e-01   1.950013012145746238e-01   1.946437044735563060e-01   5.752304993727664240e+00   4.691432533004985750e+00   3.389968046325860657e-02   3.612445845267958422e+00
7.722435865300474322e-01   1.941710637961477637e-01   1.935672672068294575e-01   5.770899363461012399e+00   4.701782075615909662e+00   3.364658635802245806e-02   3.625874479548996554e+00
7.741810160390316664e-01   1.933539883626735900e-01   1.925105493611268537e-01   5.791616384923803373e+00   4.712242899970680909e+00   3.338515114122453387e-02   3.639599253952589653e+00
7.761184455480159006e-01   1.925500545554541532e-01   1.914734262374197249e-01   5.811950317060371241e+00   4.722811362522044476e+00   3.313002418314617281e-02   3.653626734670837983e+00
7.780558750570001347e-01   1.917592466758151204e-01   1.904557799292096454e-01   5.831920153797426565e+00   4.733484015815393242e+00   3.288097944052818106e-02   3.667958842781125828e+00
7.799933045659843689e-01   1.909815538202792873e-01   1.894574993984554367e-01   5.851543662292064241e+00   4.744257605867685079e+00   3.263780719111498974e-02   3.682625841260871447e+00
7.819307340749686031e-01   1.902169696151077005e-01   1.884784805593035517e-01   5.873281557977271916e+00   4.756240107649496451e+00   3.238682970285140794e-02   3.697604218430370793e+00
7.838681635839528372e-01   1.894654927710917036e-01   1.875186263706594969e-01   5.894928176965508193e+00   4.768450521653644358e+00   3.214042429073692142e-02   3.712929855947401325e+00
7.858055930929370714e-01   1.887271270124983857e-01   1.865778469389720862e-01   5.916198871314718666e+00   4.780739314125749040e+00   3.190006474048070334e-02   3.728595277167190858e+00
7.877430226019213055e-01   1.880018812693151631e-01   1.856560596302808952e-01   5.937110699910737033e+00   4.793103862958102646e+00   3.166555093408342930e-02   3.744626473058245697e+00
7.896804521109055397e-01   1.872897697476219037e-01   1.847531891929282410e-01   5.960098595427561818e+00   4.805690198422651882e+00   3.142393816963127973e-02   3.761039760945787513e+00
7.916178816198897739e-01   1.865908120856829278e-01   1.838691678919788519e-01   5.983119159602401815e+00   4.819598796557202469e+00   3.118621025393091689e-02   3.777800161458082062e+00
7.935553111288740080e-01   1.859050339995746981e-01   1.830039356543349260e-01   6.005749493336238309e+00   4.833557248902372372e+00   3.095451020823432320e-02   3.795000526608774294e+00
7.954927406378582422e-01   1.852324665411515525e-01   1.821574402271502469e-01   6.028005953049885512e+00   4.847563728329118860e+00   3.072864691638745038e-02   3.812583747987209559e+00
7.974301701468424763e-01   1.845731471211138064e-01   1.813296373489454438e-01   6.052722943808404921e+00   4.861616594084895659e+00   3.049423355977689057e-02   3.830570110777000714e+00
7.993675996558267105e-01   1.839271193501872403e-01   1.805204909341290853e-01   6.077242170380148245e+00   4.876879620102843482e+00   3.026489881325267542e-02   3.849021926415076233e+00
8.013050291648109447e-01   1.832944334639705630e-01   1.797299732736675759e-01   6.101349855586726711e+00   4.892526355887109268e+00   3.004161993696136471e-02   3.867909795815166696e+00
8.032424586737951788e-01   1.826751461214826122e-01   1.789580652499734859e-01   6.125493934250616945e+00   4.908192680675890429e+00   2.982210872825405770e-02   3.887259837682848218e+00
8.051798881827794130e-01   1.820693213727509197e-01   1.782047565688604784e-01   6.152013303327109384e+00   4.923877833673390825e+00   2.959507926848676737e-02   3.907094583536618426e+00
8.071173176917636471e-01   1.814770301439239120e-01   1.774700460099054022e-01   6.178079407652565358e+00   4.940858199566275033e+00   2.937434405895379338e-02   3.927425988790740341e+00
8.090547472007478813e-01   1.808983511758697205e-01   1.767539416950780762e-01   6.203708730841590580e+00   4.958225392775792884e+00   2.915971058997949075e-02   3.948258181934440447e+00
8.109921767097321155e-01   1.803333707695173593e-01   1.760564613773900056e-01   6.230544260319555327e+00   4.975582157834507413e+00   2.894343788198502562e-02   3.969621253733987665e+00
8.129296062187163496e-01   1.797821838277968709e-01   1.753776327515458588e-01   6.258747400803412297e+00   4.993014631937548131e+00   2.872494643332608455e-02   3.991530321085372091e+00
8.148670357277005838e-01   1.792448934295407525e-01   1.747174937876300460e-01   6.286464100540813504e+00   5.012140927499483922e+00   2.851283178633290047e-02   4.014021143448546880e+00
8.168044652366848180e-01   1.787216116263152799e-01   1.740760930891667169e-01   6.313710908029353419e+00   5.031225962069871827e+00   2.830690448608109977e-02   4.037090281752756304e+00
8.187418947456690521e-01   1.782124597706342684e-01   1.734534902773340881e-01   6.343921169416066874e+00   5.050270813465108866e+00   2.809184651123873208e-02   4.060769905821477899e+00
8.206793242546532863e-01   1.777175689904879619e-01   1.728497564045114732e-01   6.373828809420470698e+00   5.070383109102168717e+00   2.788238816954461199e-02   4.085076446647617487e+00
8.226167537636375204e-01   1.772370806519348030e-01   1.722649743972469449e-01   6.403212309640331057e+00   5.091274392055587406e+00   2.767940091336596950e-02   4.110046625806840659e+00
8.245541832726217546e-01   1.767711463822934370e-01   1.716992395319481002e-01   6.434186974464711106e+00   5.112092419047538527e+00   2.747373476770929857e-02   4.135691200679154633e+00
8.264916127816059888e-01   1.763199296154880358e-01   1.711526599465809373e-01   6.466461554593212924e+00   5.133447799753557028e+00   2.726683335652798496e-02   4.162060290701501408e+00
8.284290422905902229e-01   1.758836048621788273e-01   1.706253571894386645e-01   6.498147532980868668e+00   5.156191489811017270e+00   2.706673001336066392e-02   4.189139198475427150e+00
8.303664717995744571e-01   1.754623594302984202e-01   1.701174668086292419e-01   6.530308544911227031e+00   5.178827496709872413e+00   2.686892330179839125e-02   4.216993097636920318e+00
8.323039013085586912e-01   1.750563933295552488e-01   1.696291389865990928e-01   6.565043749284451557e+00   5.201794353608030441e+00   2.666492410635272481e-02   4.245624798147567880e+00
8.342413308175429254e-01   1.746659203299714136e-01   1.691605392209930003e-01   6.599119136553072806e+00   5.226460768612309238e+00   2.646806592147765355e-02   4.275101455549737750e+00
8.361787603265271596e-01   1.742911685050785309e-01   1.687118490577187435e-01   6.632938105386108063e+00   5.250981771352514649e+00   2.627661614444281452e-02   4.305421051570677449e+00
8.381161898355113937e-01   1.739323809183588032e-01   1.682832668793744491e-01   6.670305206589017821e+00   5.275971635186728292e+00   2.607562555706537458e-02   4.336615984227278453e+00
8.400536193444956279e-01   1.735898170608151936e-01   1.678750087544459701e-01   6.706929066984616661e+00   5.302595253962574695e+00   2.588216087081115710e-02   4.368768596962245176e+00
8.419910488534798620e-01   1.732637528829172879e-01   1.674873093512930233e-01   6.743018909027664876e+00   5.329034479790962564e+00   2.569527910576506480e-02   4.401878578324904367e+00
8.439284783624640962e-01   1.729544824115691881e-01   1.671204229238159034e-01   6.783087588480760211e+00   5.356474341799629890e+00   2.549789902540630648e-02   4.435978228866678030e+00
8.458659078714483304e-01   1.726623185968492180e-01   1.667746243743203904e-01   6.822321919062377837e+00   5.385114604821588102e+00   2.530843906887627476e-02   4.471154090675079296e+00
8.478033373804325645e-01   1.723875945236841289e-01   1.664502104003701966e-01   6.861299400761676104e+00   5.413528092588503426e+00   2.512462792463878228e-02   4.507428005842916363e+00
8.497407668894167987e-01   1.721306642751869731e-01   1.661475007332445519e-01   6.904221229055678144e+00   5.443883543530818159e+00   2.493122085236687546e-02   4.544837229095117337e+00
8.516781963984010329e-01   1.718919046982136933e-01   1.658668394770864141e-01   6.946203664087539309e+00   5.474560474987606895e+00   2.474616538914765559e-02   4.583444147962801196e+00
8.536156259073852670e-01   1.716717167915930986e-01   1.656085965562001105e-01   6.988862000718694567e+00   5.505658683350598714e+00   2.456361518855850259e-02   4.623313585705980167e+00
8.555530554163695012e-01   1.714705269051819414e-01   1.653731692834595757e-01   7.034664532816212734e+00   5.538744232567834658e+00   2.437508229500981102e-02   4.664484594262217954e+00
8.574904849253537353e-01   1.712887886681073724e-01   1.651609840580571531e-01   7.079414820154324772e+00   5.571501984401204588e+00   2.419533153792130173e-02   4.707032534212681085e+00
8.594279144343379695e-01   1.711269848102574542e-01   1.649724982075751190e-01   7.126577888350041690e+00   5.606426081568134379e+00   2.401250466791391217e-02   4.751025661796539623e+00
8.613653439433222037e-01   1.709856289297704557e-01   1.648082019877551707e-01   7.175373392607079737e+00   5.641643781750643960e+00   2.382950957032286404e-02   4.796527136807447356e+00
8.633027734523064378e-01   1.708652678366888722e-01   1.646686207549127867e-01   7.222988909063566609e+00   5.677986467856571018e+00   2.365575663867950165e-02   4.843617040574517141e+00
8.652402029612906720e-01   1.707664837889524001e-01   1.645543173291590666e-01   7.275595080347276422e+00   5.715808376881691188e+00   2.347113629924570469e-02   4.892370595825571655e+00
8.671776324702749061e-01   1.706898969462145033e-01   1.644658945681640727e-01   7.327347741882594967e+00   5.753864381728966748e+00   2.329490873901934184e-02   4.942865470463842392e+00
8.691150619792591403e-01   1.706361680719510332e-01   1.644039981720779586e-01   7.380650261143868462e+00   5.794399146364834330e+00   2.311939490891219695e-02   4.995212064888569614e+00
8.710524914882433745e-01   1.706060018447032867e-01   1.643693197457512245e-01   7.436927271286559282e+00   5.834484542123621331e+00   2.294038863381128029e-02   5.049489860842527378e+00
8.729899209972276086e-01   1.706001498215528045e-01   1.643626001437901718e-01   7.491686902341744947e+00   5.877878872607557703e+00   2.277192734365697524e-02   5.105813034631855096e+00
8.749273505062118428e-01   1.706194139438821644e-01   1.643846331307776132e-01   7.552349880681891392e+00   5.920673316247209605e+00   2.259156641832875054e-02   5.164271222556922503e+00
8.768647800151960769e-01   1.706646508982885002e-01   1.644362693912604367e-01   7.611673931940710958e+00   5.966735007739765173e+00   2.242143481503220542e-02   5.225021358363474810e+00
8.788022095241803111e-01   1.707367759717044464e-01   1.645184209270811604e-01   7.674375820441400542e+00   6.012405282562930608e+00   2.224764332194045791e-02   5.288169325473212723e+00
8.807396390331645453e-01   1.708367679581214993e-01   1.646320658884324051e-01   7.738652840067886451e+00   6.061493187285751816e+00   2.207577617044556226e-02   5.353853866588773158e+00
8.826770685421487794e-01   1.709656744116046234e-01   1.647782538874402736e-01   7.803930562122428860e+00   6.110173156451057963e+00   2.190763654938355023e-02   5.422240477827211969e+00
8.846144980511330136e-01   1.711246172775418017e-01   1.649581118514441835e-01   7.873396255896052409e+00   6.162719391686380277e+00   2.173453636979007925e-02   5.493472836612861343e+00
8.865519275601172478e-01   1.713147992336416792e-01   1.651728504800816510e-01   7.941870326909934441e+00   6.215016690709703973e+00   2.157108995511612323e-02   5.567724935330871538e+00
8.884893570691014819e-01   1.715375107011141154e-01   1.654237713801911536e-01   8.016930202679990458e+00   6.271017418484196249e+00   2.139690709091749549e-02   5.645197415122142459e+00
8.904267865780857161e-01   1.717941374704423652e-01   1.657122749616843915e-01   8.089465925801098578e+00   6.327610028166396283e+00   2.123677125859574355e-02   5.726096386100949509e+00
8.923642160870699502e-01   1.720861695027906535e-01   1.660398691904897694e-01   8.170303366272495538e+00   6.387021350428441657e+00   2.106239655839129907e-02   5.810631592449619909e+00
8.943016455960541844e-01   1.724152100457558845e-01   1.664081793071127968e-01   8.248288341825553260e+00   6.448489223690316408e+00   2.090315019317039169e-02   5.899054901808235662e+00
8.962390751050384186e-01   1.727829868279968373e-01   1.668189586376133682e-01   8.334713511915737172e+00   6.511426918984013490e+00   2.073052500016675861e-02   5.991627082075647870e+00
8.981765046140226527e-01   1.731913631917905150e-01   1.672741006396957775e-01   8.418493427246383831e+00   6.578405488474167839e+00   2.057272654407000037e-02   6.088638091116180817e+00
9.001139341230068869e-01   1.736423517030516450e-01   1.677756523511952091e-01   8.511470344408881061e+00   6.646328567211796212e+00   2.040098181357301657e-02   6.190404723882965143e+00
9.020513636319911210e-01   1.741381287998819971e-01   1.683258294317906689e-01   8.601939066517124033e+00   6.718119713760436262e+00   2.024405514306782533e-02   6.297275790465985956e+00
9.039887931409753552e-01   1.746810510752538903e-01   1.689270330193978764e-01   8.702002633410177879e+00   6.792787965967842290e+00   2.007366102195709545e-02   6.409608275757491036e+00
9.059262226499595894e-01   1.752736744850835748e-01   1.695818686581600510e-01   8.801061680689176825e+00   6.869066550606540034e+00   1.991506034660111765e-02   6.527855198127401337e+00
9.078636521589438235e-01   1.759187745302597250e-01   1.702931675950904444e-01   8.907822304110979417e+00   6.950645653522683709e+00   1.974879701507660512e-02   6.652461871575411578e+00
9.098010816679280577e-01   1.766193700614167028e-01   1.710640107917805464e-01   9.016943308305483740e+00   7.035140485995786896e+00   1.958749922479085387e-02   6.783946092244348414e+00
9.117385111769122918e-01   1.773787502035020225e-01   1.718977560541811445e-01   9.130650618195245372e+00   7.122139254303907485e+00   1.942673721958299016e-02   6.922857121104303957e+00
9.136759406858965260e-01   1.782005041744696427e-01   1.727980687511616320e-01   9.251590412645430916e+00   7.214423950012129438e+00   1.926160759677582671e-02   7.069840993328885936e+00
9.156133701948807602e-01   1.790885557498995695e-01   1.737689566699777144e-01   9.372447379534003531e+00   7.311371896314748042e+00   1.910798199208495543e-02   7.225599304334764383e+00
9.175507997038649943e-01   1.800472022144958828e-01   1.748148096533768403e-01   9.506830585666563138e+00   7.411990140996976173e+00   1.893871996477488814e-02   7.390899598889505207e+00
9.194882292128492285e-01   1.810811588458136612e-01   1.759404447696444884e-01   9.643041045512957155e+00   7.516682276659429007e+00   1.877842871259718244e-02   7.566639748784563579e+00
9.214256587218334626e-01   1.821956093941707877e-01   1.771511578987169377e-01   9.784619248629786270e+00   7.628407749402076554e+00   1.862061310353849489e-02   7.753803300186448588e+00
9.233630882308176968e-01   1.833962648842089038e-01   1.784527827657310939e-01   9.938508224924690992e+00   7.746138789973460170e+00   1.845309786274273306e-02   7.953505181937535085e+00
9.253005177398019310e-01   1.846894297851804367e-01   1.798517586344709485e-01   1.009590081549421825e+01   7.869551575377283115e+00   1.829350675689452727e-02   8.167018655646465675e+00
9.272379472487861651e-01   1.860820788371029266e-01   1.813552080691316348e-01   1.026107063158852206e+01   7.999284966741537772e+00   1.813476249391097334e-02   8.395768789605396520e+00
9.291753767577703993e-01   1.875819457658280953e-01   1.829710264146488796e-01   1.044106094788249450e+01   8.136064617194087134e+00   1.796579358191283809e-02   8.641407713201894936e+00
9.311128062667546335e-01   1.891976248020910134e-01   1.847079848977052630e-01   1.062757097418059082e+01   8.280659029557718043e+00   1.780252752597388105e-02   8.905835019971506838e+00
9.330502357757388676e-01   1.909386882001626595e-01   1.865758495351874380e-01   1.082134511292806245e+01   8.435002132807420949e+00   1.764463532098719742e-02   9.191173106167386919e+00
9.349876652847231018e-01   1.928158226259029107e-01   1.885855183350485242e-01   1.103349932691285318e+01   8.599601079216007804e+00   1.747549140240463664e-02   9.499979459109642477e+00
9.369250947937073359e-01   1.948409856491934988e-01   1.907491795400849122e-01   1.125940919829060505e+01   8.774724916953339005e+00   1.730472551603987746e-02   9.835133752827534437e+00
9.388625243026915701e-01   1.970275864756558803e-01   1.930804938797592019e-01   1.149775756010390815e+01   8.961472853721115683e+00   1.713617507115668473e-02   1.020004705575811599e+01
9.407999538116758043e-01   1.993906948705443938e-01   1.955948038501027775e-01   1.175034036718517960e+01   9.161188043651046442e+00   1.696892929394426541e-02   1.059872447213374969e+01
9.427373833206600384e-01   2.019472783061928567e-01   1.983093727735257550e-01   1.201901374192136274e+01   9.375230562647979937e+00   1.680231694900363032e-02   1.103587849082679107e+01
9.446748128296442726e-01   2.047164730687427436e-01   2.012436555685625794e-01   1.231386462845630092e+01   9.605235786645840435e+00   1.662487604384250625e-02   1.151713655394781810e+01
9.466122423386285067e-01   2.077198870546226317e-01   2.044196012968778342e-01   1.263275410468861359e+01   9.855069884527173585e+00   1.644296131573778907e-02   1.204922722360718979e+01
9.485496718476127409e-01   2.109819327949935264e-01   2.078619839296631522e-01   1.297688656614411684e+01   1.012694856229063234e+01   1.625828597018272315e-02   1.264024657690961462e+01
9.504871013565969751e-01   2.145301802737549224e-01   2.115987511396047183e-01   1.334954189124128732e+01   1.042207554939041358e+01   1.607022787909369657e-02   1.330004957052358172e+01
9.524245308655812092e-01   2.183957095986670538e-01   2.156613692131192084e-01   1.375544418505389643e+01   1.074294201688626238e+01   1.587703796842612411e-02   1.404066799485694617e+01
9.543619603745654434e-01   2.226134234706478587e-01   2.200851220826467447e-01   1.419920196833277615e+01   1.109219010220517809e+01   1.567788274067253088e-02   1.487694775275216408e+01
9.562993898835496775e-01   2.272222462424906553e-01   2.249092885372748485e-01   1.468685386277481086e+01   1.148226082386996083e+01   1.547113141899004313e-02   1.582740637023786157e+01
9.582368193925339117e-01   2.322650809854849285e-01   2.301770655457554826e-01   1.522420049173013012e+01   1.191362580468542909e+01   1.525630729256702810e-02   1.691520433196459194e+01
9.601742489015181459e-01   2.377883083903498118e-01   2.359350144250240700e-01   1.581897634158225863e+01   1.238617652336114539e+01   1.503183918198878512e-02   1.816967127120702585e+01
9.621116784105023800e-01   2.438404692496760617e-01   2.422316625526736988e-01   1.648277458300641030e+01   1.292939045197920933e+01   1.479365430994083672e-02   1.962832064093751328e+01
9.640491079194866142e-01   2.504695539602153076e-01   2.491146748273447287e-01   1.724967102459533663e+01   1.352568406702505222e+01   1.452025105888018683e-02   2.133930451052508204e+01
9.659865374284708484e-01   2.577180227682447367e-01   2.566256994868429953e-01   1.810983984210616882e+01   1.421999968487908106e+01   1.423082837922393269e-02   2.336515299583173544e+01
9.679239669374550825e-01   2.656142845850126832e-01   2.647916062281167049e-01   1.907369625262547430e+01   1.500147495182731028e+01   1.392568493631386045e-02   2.578738231897520450e+01
9.698613964464393167e-01   2.741590074117539189e-01   2.736104760744966224e-01   2.018019351104173253e+01   1.589461645393635969e+01   1.358554898206233361e-02   2.871272491728227294e+01
9.717988259554235508e-01   2.833045788526078468e-01   2.830306762470358173e-01   2.149184865977038328e+01   1.694542390363680084e+01   1.318195485821156178e-02   3.228118614899798189e+01
9.737362554644077850e-01   2.929269170334691808e-01   2.929222795566510662e-01   2.295690453476649751e+01   1.816206764045827882e+01   1.275986126918171766e-02   3.667632369369356837e+01
9.756736849733920192e-01   3.027914858973872470e-01   3.030428205119715113e-01   2.473582692137906136e+01   1.957950017196840520e+01   1.224100923974714462e-02   4.213830276078668646e+01
9.776111144823762533e-01   3.125201673797164403e-01   3.130042668924890581e-01   2.676540846817716357e+01   2.123771257848909855e+01   1.167627117483704784e-02   4.898139049228813491e+01
9.789949927030793253e-01   3.190922705877028420e-01   3.197222328721305296e-01   2.843241890493926149e+01   2.261638187397224442e+01   1.122283234692600558e-02   5.493930871272978322e+01
9.803788709237823973e-01   3.250733023187422077e-01   3.258274447723124023e-01   3.031256656619651579e+01   2.413409822056791754e+01   1.072404415537852630e-02   6.200331116892555627e+01
9.817627491444854693e-01   3.301782211877934969e-01   3.310310965966843932e-01   3.242425173038063235e+01   2.587701047451725955e+01   1.018306371210490023e-02   7.041622985655249067e+01
9.831466273651885412e-01   3.340939566436418318e-01   3.350170707704567818e-01   3.483003723988923639e+01   2.787182375896817277e+01   9.592121717889506849e-03   8.049148982193798929e+01
9.845305055858916132e-01   3.364882141189582399e-01   3.374510413722259794e-01   3.755954402062399566e+01   3.009490767173884507e+01   8.958793906927947290e-03   9.264632774631628820e+01
9.855189900292509186e-01   3.370759214113832059e-01   3.380479193112204128e-01   3.994431170771702000e+01   3.190996876592415532e+01   8.438646380437243508e-03   1.029114704067084745e+02
9.865074744726102240e-01   3.365814293191533024e-01   3.375466744517727213e-01   4.244503548234779799e+01   3.391948524253265873e+01   7.929818540477652153e-03   1.148068823738094153e+02
9.874959589159695295e-01   3.348702081102601369e-01   3.358132023411528055e-01   4.489036105174036351e+01   3.614713209842312835e+01   7.459735236352648714e-03   1.287021780912263864e+02
9.884844433593288349e-01   3.318002843615204256e-01   3.327062621126323227e-01   4.825425045811398661e+01   3.862811627800458325e+01   6.876084100602333077e-03   1.450944471237996254e+02
4.138191273679616144e-01   8.166307436907800366e-01   1.406099503708820198e+00   7.077833755697113816e+00   6.895986984820484444e+00   1.153786273990194955e-01   2.687762382043992648e+00
4.157565568769459041e-01   8.074133311012019476e-01   1.383877469470715882e+00   7.042150510877705827e+00   6.859855773956670788e+00   1.146543701180520736e-01   2.692422779419822554e+00
4.176939863859301938e-01   7.983384363222967295e-01   1.362100746937888074e+00   7.007513168593246355e+00   6.824266462110259113e+00   1.139260700786613872e-01   2.697033266513029659e+00
4.196314158949144835e-01   7.894033774490480937e-01   1.340758808584584738e+00   6.972416189510292739e+00   6.789935614231429994e+00   1.132180518192061336e-01   2.701595893187941577e+00
4.215688454038987731e-01   7.806055315152208296e-01   1.319841412561780114e+00   6.936696061656729029e+00   6.755433345352432895e+00   1.125327568884118834e-01   2.706108908890024534e+00
4.235062749128830628e-01   7.719423331255940157e-01   1.299338594046858031e+00   6.902726013197850286e+00   6.720659033839176288e+00   1.118315186854669241e-01   2.710576262566576133e+00
4.254437044218673525e-01   7.634112728604806053e-01   1.279240656878413374e+00   6.869704146189170579e+00   6.686940683559159382e+00   1.111272416708028871e-01   2.714995819201642568e+00
4.273811339308516422e-01   7.550098963299660682e-01   1.259538165463261139e+00   6.836232795660790451e+00   6.654043968438653422e+00   1.104423911381717249e-01   2.719371870337398800e+00
4.293185634398359318e-01   7.467358023022825364e-01   1.240221936958831428e+00   6.802158856756512328e+00   6.620957562458479551e+00   1.097792359789653838e-01   2.723704091791080195e+00
4.312559929488202215e-01   7.385866417318994737e-01   1.221283033712230681e+00   6.769663877268730978e+00   6.587584716301643439e+00   1.091024096797384157e-01   2.727990637599618129e+00
4.331934224578045112e-01   7.305601165993492740e-01   1.202712755936524269e+00   6.738125413587378709e+00   6.555607301454828395e+00   1.084218639098317311e-01   2.732236443115830582e+00
4.351308519667888008e-01   7.226539783417820217e-01   1.184502634646896313e+00   6.706146386533478498e+00   6.524024713799904340e+00   1.077599468739503935e-01   2.736439911055086771e+00
4.370682814757730905e-01   7.148660268750290925e-01   1.166644424807445679e+00   6.673585250091202958e+00   6.492231945836863360e+00   1.071187375429510785e-01   2.740602579244809878e+00
4.390057109847573802e-01   7.071941093156510760e-01   1.149130098718446513e+00   6.642394191071998577e+00   6.460136448151302169e+00   1.064667481291890760e-01   2.744725666720105206e+00
4.409431404937416699e-01   6.996361191619371311e-01   1.131951839600298548e+00   6.612407458301393426e+00   6.429807149580025971e+00   1.058065649423335502e-01   2.748808497262150485e+00
4.428805700027259595e-01   6.921899947079737103e-01   1.115102035407475878e+00   6.582006425360345858e+00   6.399563879935534771e+00   1.051639803998031392e-01   2.752853324574079164e+00
4.448179995117102492e-01   6.848537183819871643e-01   1.098573272818814228e+00   6.551061472963889187e+00   6.369103772648685435e+00   1.045408780253957171e-01   2.756861368537239176e+00
4.467554290206945389e-01   6.776253153134348395e-01   1.082358331443727062e+00   6.520944742038160769e+00   6.338339308379966397e+00   1.039152058665718664e-01   2.760831478088188184e+00
4.486928585296788285e-01   6.705028528851926239e-01   1.066450178195377685e+00   6.492401547601165390e+00   6.309469714150433894e+00   1.032750127929059347e-01   2.764766852797448493e+00
4.506302880386631182e-01   6.634844389265026621e-01   1.050841961858611784e+00   6.463471145568624010e+00   6.280464550788221523e+00   1.026514119091240379e-01   2.768666845787471242e+00
4.525677175476474079e-01   6.565682214894650315e-01   1.035527007822411694e+00   6.434036911230634814e+00   6.251235423936082114e+00   1.020460762889660727e-01   2.772533097022330306e+00
4.545051470566316976e-01   6.497523876256536823e-01   1.020498812982703951e+00   6.404785067367187779e+00   6.221803052815160662e+00   1.014479612963416905e-01   2.776365365575917288e+00
4.564425765656159872e-01   6.430351622985881477e-01   1.005751040810880292e+00   6.377747645877715144e+00   6.194218329552871438e+00   1.008248049315994405e-01   2.780165272320487269e+00
4.583800060746002769e-01   6.364148077967684003e-01   9.912775165717419013e-01   6.350362282180703311e+00   6.166483934208880413e+00   1.002170867609500637e-01   2.783932866596120714e+00
4.603174355835845666e-01   6.298896226477381788e-01   9.770722226976603642e-01   6.322524835451901026e+00   6.138530065927371382e+00   9.962627890614160486e-02   2.787669952035874754e+00
4.622548650925688563e-01   6.234579407487217395e-01   9.631292943075212554e-01   6.294119062916092133e+00   6.110371933142264567e+00   9.905404307046442036e-02   2.791375413278361695e+00
4.641922946015531459e-01   6.171181308541235921e-01   9.494430148634752653e-01   6.268342962950985253e+00   6.083974160593788483e+00   9.844996269374502174e-02   2.795053281075139839e+00
4.661297241105374356e-01   6.108685952377754802e-01   9.360078119692166743e-01   6.242413854734312650e+00   6.057426463525731997e+00   9.785775333919687069e-02   2.798701117417483175e+00
4.680671536195217253e-01   6.047077694832978523e-01   9.228182532913591363e-01   6.216086432421266572e+00   6.030664456404049467e+00   9.728110702086141537e-02   2.802321251091334897e+00
4.700045831285060149e-01   5.986341213391597194e-01   9.098690426161049061e-01   6.189260063809462586e+00   6.003618344701300735e+00   9.672143603070752771e-02   2.805914025258387401e+00
4.719420126374903046e-01   5.926461499768720387e-01   8.971550160280870045e-01   6.163798816418670334e+00   5.978410189484715254e+00   9.614949605399597532e-02   2.809479744179615768e+00
4.738794421464745943e-01   5.867423855262359211e-01   8.846711381937846230e-01   6.139382625240979330e+00   5.953083872386403463e+00   9.557025866313478835e-02   2.813020836338124830e+00
4.758168716554588840e-01   5.809213880780816908e-01   8.724124987817623023e-01   6.114627790147925346e+00   5.927557425620388898e+00   9.500519214171627980e-02   2.816535539765633533e+00
4.777543011644431736e-01   5.751817472909124263e-01   8.603743089745772288e-01   6.089447672956358026e+00   5.901767350011891899e+00   9.445548729244079844e-02   2.820027380993057164e+00
4.796917306734274633e-01   5.695220812548313916e-01   8.485518980981808790e-01   6.064075529204898451e+00   5.877456709870578777e+00   9.391737924634742385e-02   2.823493924331442972e+00
4.816291601824117530e-01   5.639410364959758226e-01   8.369407103477657373e-01   6.041093949027082743e+00   5.853281899305888381e+00   9.335081381854662408e-02   2.826939446097743502e+00
4.835665896913960426e-01   5.584372865999966962e-01   8.255363016214776195e-01   6.017834125563086722e+00   5.828922248428719755e+00   9.279705537708617114e-02   2.830362303007158520e+00
4.855040192003803323e-01   5.530095322850456796e-01   8.143343364425282838e-01   5.994223529232486136e+00   5.804320884777804501e+00   9.225707543072793337e-02   2.833764489052740920e+00
4.874414487093646220e-01   5.476565000816435713e-01   8.033305849792108377e-01   5.970183195910058416e+00   5.780805809632547643e+00   9.173194223869408914e-02   2.837143480288678354e+00
4.893788782183489117e-01   5.423769425796081123e-01   7.925209201546076221e-01   5.947220639589899882e+00   5.757814257097193966e+00   9.119838920538327065e-02   2.840505307804196189e+00
4.913163077273332013e-01   5.371696370174277035e-01   7.819013148423171744e-01   5.925491906715396162e+00   5.734659438370103501e+00   9.065401581405420350e-02   2.843846337693889836e+00
4.932537372363174910e-01   5.320333854009504648e-01   7.714678391482352460e-01   5.903485885811626588e+00   5.711290723819600679e+00   9.012190351460544480e-02   2.847170530107651309e+00
4.951911667453017807e-01   5.269670132016699426e-01   7.612166577740050455e-01   5.881137484394329817e+00   5.688412642532132857e+00   8.960290668259046631e-02   2.850474263847535106e+00
4.971285962542860704e-01   5.219693698210221555e-01   7.511440274542059425e-01   5.858376410631687570e+00   5.666544906503480306e+00   8.909795705065323701e-02   2.853763800140457274e+00
4.990660257632703600e-01   5.170393270315116752e-01   7.412462944822647559e-01   5.837410774565429783e+00   5.644536384851575050e+00   8.857340129023266728e-02   2.857037823489110284e+00
5.010034552722546497e-01   5.121757791853269737e-01   7.315198922935522985e-01   5.816931370460992845e+00   5.622342824233901304e+00   8.804913562951954820e-02   2.860294225295795911e+00
5.029408847812388839e-01   5.073776424383140693e-01   7.219613391351499265e-01   5.796194596957723988e+00   5.599963325987988405e+00   8.753633680701883302e-02   2.863536196080623153e+00
5.048783142902231180e-01   5.026438543009135174e-01   7.125672357977906879e-01   5.775145198060476659e+00   5.579244291036632220e+00   8.703570855148738683e-02   2.866763033763791935e+00
5.068157437992073522e-01   4.979733732247950684e-01   7.033342634101720225e-01   5.753724189045875903e+00   5.558410626953419253e+00   8.654800905696048707e-02   2.869976839226865639e+00
5.087531733081915863e-01   4.933651779232378076e-01   6.942591813101360865e-01   5.734316550099716636e+00   5.537423840409085862e+00   8.603731126679053931e-02   2.873179562923566355e+00
5.106906028171758205e-01   4.888182671883214425e-01   6.853388249687523137e-01   5.715189352669620249e+00   5.516243583505941572e+00   8.552967137650298313e-02   2.876367675088779663e+00
5.126280323261600547e-01   4.843316594127600183e-01   6.765701039777473058e-01   5.695839315946757075e+00   5.495827057244662583e+00   8.503253560134094169e-02   2.879548179081431680e+00
5.145654618351442888e-01   4.799043919571204242e-01   6.679500000984722741e-01   5.676220971466539034e+00   5.476115577505686893e+00   8.454646046542647897e-02   2.882716459438616319e+00
5.165028913441285230e-01   4.755355208600349770e-01   6.594755653627089043e-01   5.656286427238796932e+00   5.456283079026778005e+00   8.407203683498308544e-02   2.885873558466704125e+00
5.184403208531127571e-01   4.712241206233329649e-01   6.511439202337643284e-01   5.637871776096026188e+00   5.436295487775979929e+00   8.358191518673285803e-02   2.889026279566437427e+00
5.203777503620969913e-01   4.669692833482486094e-01   6.429522518197647862e-01   5.620125944201595836e+00   5.416117421072110361e+00   8.308875779376986848e-02   2.892164700448407011e+00
5.223151798710812255e-01   4.627701188965147594e-01   6.348978121325066226e-01   5.602207261384350545e+00   5.397451608007628465e+00   8.260496217024297649e-02   2.895298321045767675e+00
5.242526093800654596e-01   4.586257542114253738e-01   6.269779164077398104e-01   5.584081064684156992e+00   5.378790929245544028e+00   8.213092698670659830e-02   2.898426081630553153e+00
5.261900388890496938e-01   4.545353325949008649e-01   6.191899414655640532e-01   5.565711517258560725e+00   5.360013338885277534e+00   8.166706649912502947e-02   2.901544155284746296e+00
5.281274683980339280e-01   4.504980142685326427e-01   6.115313241154004542e-01   5.547764194774101654e+00   5.341089333638457504e+00   8.120352604259821472e-02   2.904660001925408075e+00
5.300648979070181621e-01   4.465129751363292598e-01   6.039995596187729410e-01   5.531490371689542052e+00   5.322324424750028982e+00   8.072200169082931198e-02   2.907771481267091396e+00
5.320023274160023963e-01   4.425794069373978346e-01   5.965922001846524214e-01   5.515099816086266316e+00   5.304784318264643694e+00   8.024866669620310533e-02   2.910877790115430130e+00
5.339397569249866304e-01   4.386965166578420394e-01   5.893068535098954230e-01   5.498567414821978083e+00   5.287164375736827182e+00   7.978378431358111589e-02   2.913983668926240611e+00
5.358771864339708646e-01   4.348635262698508086e-01   5.821411813660568590e-01   5.481867820746924913e+00   5.269440615600826661e+00   7.932761979850128098e-02   2.917081597521802738e+00
5.378146159429550988e-01   4.310796726596208273e-01   5.750928982211098717e-01   5.464975510994869445e+00   5.251588663889211084e+00   7.888043995665501573e-02   2.920179337356366478e+00
5.397520454519393329e-01   4.273442069347765937e-01   5.681597699017053582e-01   5.449055344655692856e+00   5.234056667107306993e+00   7.842537465762866589e-02   2.923279283628805736e+00
5.416894749609235671e-01   4.236563942703241437e-01   5.613396122963432155e-01   5.434221262941036912e+00   5.217595856096624907e+00   7.796082893412377424e-02   2.926375393739206743e+00
5.436269044699078012e-01   4.200155136505827613e-01   5.546302900868566033e-01   5.419317497309370957e+00   5.201070880471750257e+00   7.750339666556087248e-02   2.929474490363829897e+00
5.455643339788920354e-01   4.164208576603413703e-01   5.480297155263583742e-01   5.404328388075597012e+00   5.184462207605676554e+00   7.705321138129854475e-02   2.932576096959660816e+00
5.475017634878762696e-01   4.128717319027828125e-01   5.415358472428976055e-01   5.389238826109094660e+00   5.167750261025950032e+00   7.661039809602697426e-02   2.935676695710889739e+00
5.494391929968605037e-01   4.093674551389768212e-01   5.351466890804673637e-01   5.374034361619093758e+00   5.151175691682217561e+00   7.617507213252024123e-02   2.938781740616945637e+00
5.513766225058447379e-01   4.059073585871146861e-01   5.288602889702247456e-01   5.359214881469588576e+00   5.135792576395286524e+00   7.574007901616512661e-02   2.941893551260743589e+00
5.533140520148289720e-01   4.024907858977258002e-01   5.226747378374194675e-01   5.345977409193834795e+00   5.120367220232255434e+00   7.528853100006287213e-02   2.945004252655918808e+00
5.552514815238132062e-01   3.991170931639089758e-01   5.165881685317317285e-01   5.332728948065183161e+00   5.104884607301916510e+00   7.484293633726056549e-02   2.948126372428764075e+00
5.571889110327974404e-01   3.957856477783252558e-01   5.105987547942364424e-01   5.319462116110723393e+00   5.089329962896751880e+00   7.440332107632346981e-02   2.951248471098832926e+00
5.591263405417816745e-01   3.924958294165890038e-01   5.047047102478945391e-01   5.306170561484479187e+00   5.073688814059963192e+00   7.396969714195966716e-02   2.954380491972498302e+00
5.610637700507659087e-01   3.892470287692048614e-01   4.989042874180451004e-01   5.292849072684170153e+00   5.059149343328053661e+00   7.354206088703102440e-02   2.957519599311964509e+00
5.630011995597501429e-01   3.860386478427244583e-01   4.931957767812518711e-01   5.279493724703456792e+00   5.044869457880054142e+00   7.312039145655160888e-02   2.960668953449025587e+00
5.649386290687343770e-01   3.828700993874463165e-01   4.875775058367565196e-01   5.266563424634157720e+00   5.030561397536779999e+00   7.269827941245052272e-02   2.963823492236090651e+00
5.668760585777186112e-01   3.797408072318830263e-01   4.820478382057435396e-01   5.255080772885261986e+00   5.016214497374060777e+00   7.226164994289693833e-02   2.966994331063807167e+00
5.688134880867028453e-01   3.766502054345437500e-01   4.766051727547316874e-01   5.243653885422536298e+00   5.001818567222279910e+00   7.182972287351743756e-02   2.970173092354827293e+00
5.707509175956870795e-01   3.735977383845465738e-01   4.712479427445084301e-01   5.232283373892003375e+00   4.987538611340072592e+00   7.140242828756579452e-02   2.973360576477679817e+00
5.726883471046713137e-01   3.705828606257454694e-01   4.659746149971781826e-01   5.220971087432023872e+00   4.974404557083923706e+00   7.097968068005901243e-02   2.976564656890867688e+00
5.746257766136555478e-01   3.676050365928631436e-01   4.607836890927648477e-01   5.209720181357236690e+00   4.961273894343449342e+00   7.056137830748035467e-02   2.979781018529157777e+00
5.765632061226397820e-01   3.646637402622445734e-01   4.556736965826189700e-01   5.198535182908681662e+00   4.948139611627749623e+00   7.014740257239311660e-02   2.983014512207531777e+00
5.785006356316240161e-01   3.617584551615209421e-01   4.506432002264975090e-01   5.187422052678377860e+00   4.934995283809668898e+00   6.973761754641445709e-02   2.986257788921987899e+00
5.804380651406082503e-01   3.588886742929844331e-01   4.456907932476428802e-01   5.176388240205524127e+00   4.921835121782616618e+00   6.933186956601521123e-02   2.989524152320941486e+00
5.823754946495924845e-01   3.560538994701119009e-01   4.408150986117184145e-01   5.166984015069782110e+00   4.908717778953086253e+00   6.890942538851714538e-02   2.992800358306506148e+00
5.843129241585767186e-01   3.532536416664697199e-01   4.360147683226517357e-01   5.157717362335225708e+00   4.896786077804094361e+00   6.849030624402603629e-02   2.996096820276698214e+00
5.862503536675609528e-01   3.504874206337262876e-01   4.312884827376059493e-01   5.148589257014299925e+00   4.884883771636748584e+00   6.807445751401350331e-02   2.999417606555156102e+00
5.881877831765451869e-01   3.477547644480409872e-01   4.266349499016431901e-01   5.139607577725155529e+00   4.873007282143966279e+00   6.766173471204214862e-02   3.002751992742545006e+00
5.901252126855294211e-01   3.450552099621972957e-01   4.220529048972374575e-01   5.130781255141339869e+00   4.861153675134580077e+00   6.725198226223969011e-02   3.006113199746831999e+00
5.920626421945136553e-01   3.423883020074072192e-01   4.175411092166039229e-01   5.122120256130502369e+00   4.849320695342139054e+00   6.684503387002942165e-02   3.009489415246043187e+00
5.940000717034978894e-01   3.397535935879432145e-01   4.130983501439681738e-01   5.113635556356383560e+00   4.837506799951675873e+00   6.644071323495483183e-02   3.012888701665966451e+00
5.959375012124821236e-01   3.371506457258420242e-01   4.087234401597596434e-01   5.105339100737576352e+00   4.826177217759991755e+00   6.603883484980133112e-02   3.016318154073865720e+00
5.978749307214663578e-01   3.345790271756641232e-01   4.044152163586172133e-01   5.097243750537900020e+00   4.815545832484835032e+00   6.563920494097555403e-02   3.019764754020414443e+00
5.998123602304505919e-01   3.320383144128982167e-01   4.001725398818409274e-01   5.089363216466745499e+00   4.804972951498633904e+00   6.524162263337406065e-02   3.023243730518732963e+00
6.017497897394348261e-01   3.295280912062708012e-01   3.959942953677126343e-01   5.081711977245373824e+00   4.794458382068218505e+00   6.484588120732040495e-02   3.026743609265357904e+00
6.036872192484190602e-01   3.270479488359114284e-01   3.918793904127533256e-01   5.074992403937018004e+00   4.784002556610429835e+00   6.444304203927439523e-02   3.030276370546247655e+00
6.056246487574032944e-01   3.245974858776889960e-01   3.878267550501749428e-01   5.068778948849490540e+00   4.773606546752070301e+00   6.403859571571295095e-02   3.033833065668193552e+00
6.075620782663875286e-01   3.221763076868455755e-01   3.838353412421078303e-01   5.062806934156535377e+00   4.763272074667859179e+00   6.363590630194951303e-02   3.037420462327788062e+00
6.094995077753717627e-01   3.197840270296409826e-01   3.799041223819206725e-01   5.057086565646644161e+00   4.753001521380293859e+00   6.323483351105155248e-02   3.041041325343543544e+00
6.114369372843559969e-01   3.174202630758600208e-01   3.760320928141783758e-01   5.051628216270389160e+00   4.743746306352964126e+00   6.283523836008086949e-02   3.044691661778517577e+00
6.133743667933402310e-01   3.150846417976254088e-01   3.722182673642129291e-01   5.046442328206240724e+00   4.734607103130684891e+00   6.243698457357033105e-02   3.048373320032845335e+00
6.153117963023244652e-01   3.127767959916809559e-01   3.684616808805701305e-01   5.041539308870539138e+00   4.725560394002325637e+00   6.203993995273492101e-02   3.052094880689625089e+00
6.172492258113086994e-01   3.104963644923373067e-01   3.647613877910307334e-01   5.036929421952750729e+00   4.716608765337411135e+00   6.164397760649224789e-02   3.055849617918228400e+00
6.191866553202929335e-01   3.082429928693954935e-01   3.611164616678115280e-01   5.032622674848869160e+00   4.707755311968671030e+00   6.124897747845801238e-02   3.059640671125347211e+00
6.211240848292771677e-01   3.060163326731526467e-01   3.575259948071943805e-01   5.028628703853011750e+00   4.699003629084484324e+00   6.085482756734023058e-02   3.063469243158938315e+00
6.230615143382614018e-01   3.038160415401307546e-01   3.539890978165379787e-01   5.024956658868243942e+00   4.690357800940236466e+00   6.046142527497109370e-02   3.067329163478126564e+00
6.249989438472456360e-01   3.016417833506466195e-01   3.505048992164060961e-01   5.021615089384736663e+00   4.681822386307465500e+00   6.006867869827208634e-02   3.071236561297970180e+00
6.269363733562298702e-01   2.994932278384112578e-01   3.470725450489480224e-01   5.018611833499853958e+00   4.673529397224555737e+00   5.967650772256522657e-02   3.075185731384344034e+00
6.288738028652141043e-01   2.973700501996745515e-01   3.436911984993695213e-01   5.015953912097546485e+00   4.666002879975177819e+00   5.928484499876950087e-02   3.079178372536511610e+00
6.308112323741983385e-01   2.952719318063827814e-01   3.403600395266011547e-01   5.013647429844966474e+00   4.658604390538283013e+00   5.889363700540731217e-02   3.083211668051832444e+00
6.327486618831825727e-01   2.931985594035495524e-01   3.370782645030785951e-01   5.011697485080619963e+00   4.651337802502140129e+00   5.850284465021596270e-02   3.087293440604981676e+00
6.346860913921668068e-01   2.911496250761729243e-01   3.338450858654296582e-01   5.010108090201080167e+00   4.644207296060122836e+00   5.811244385038560195e-02   3.091416206145092715e+00
6.366235209011510410e-01   2.891248266456614147e-01   3.306597317715785911e-01   5.008882104137850177e+00   4.637217335766411708e+00   5.772242600935140189e-02   3.095590900789662925e+00
6.385609504101352751e-01   2.871238670168168028e-01   3.275214457697562254e-01   5.008021178345750002e+00   4.630372646181697860e+00   5.733279808366537056e-02   3.099809944910538295e+00
6.404983799191195093e-01   2.851464546498618802e-01   3.244294864751665619e-01   5.007525717301238188e+00   4.623678185478565794e+00   5.694358266891518666e-02   3.104084569449144126e+00
6.424358094281037435e-01   2.831923026867571025e-01   3.213831272545800699e-01   5.007394854398015127e+00   4.617139117201610965e+00   5.655481760900644278e-02   3.108404018002930869e+00
6.443732389370879776e-01   2.812611297667899635e-01   3.183816559196348539e-01   5.007626443591653320e+00   4.610760780317749052e+00   5.616655573954097702e-02   3.112787708131818487e+00
6.463106684460722118e-01   2.793526591684667437e-01   3.154243744289133011e-01   5.008217067025563018e+00   4.604548657809571566e+00   5.577886410070829332e-02   3.117208270715911667e+00
6.482480979550564459e-01   2.774666195219879228e-01   3.125105985961157962e-01   5.009162058299576614e+00   4.598508343990212133e+00   5.539182328155249635e-02   3.121693416500181506e+00
6.501855274640406801e-01   2.756027438530281870e-01   3.096396578084389950e-01   5.010455540981465283e+00   4.592785400109495875e+00   5.500552626379400650e-02   3.126243979783372762e+00
6.521229569730249143e-01   2.737607701852766695e-01   3.068108947502174999e-01   5.012090481228552719e+00   4.587585174619753126e+00   5.462007743287448230e-02   3.130844165815875879e+00
6.540603864820091484e-01   2.719404411342338790e-01   3.040236651349222941e-01   5.014058753558787274e+00   4.582556478804077571e+00   5.423559126450621520e-02   3.135505440188809168e+00
6.559978159909933826e-01   2.701415040315851002e-01   3.012773374442422880e-01   5.016351218290770575e+00   4.577703398684178637e+00   5.385219102015564863e-02   3.140231264586479387e+00
6.579352454999776167e-01   2.683637106482592571e-01   2.985712926740656803e-01   5.019018730926147143e+00   4.573030028007124770e+00   5.346935826213558562e-02   3.145019105205861365e+00
6.598726750089618509e-01   2.666068173112989825e-01   2.959049240870236797e-01   5.023059792179583205e+00   4.568540442212487562e+00   5.307657649753242529e-02   3.149871297296260586e+00
6.618101045179460851e-01   2.648705847707333305e-01   2.932776369718997356e-01   5.027433882059882286e+00   4.564238672580406941e+00   5.268504588710937880e-02   3.154795557837913655e+00
6.637475340269303192e-01   2.631547780949858861e-01   2.906888484099064418e-01   5.032122769092191916e+00   4.560128680877020280e+00   5.229498368189846452e-02   3.159775248264691250e+00
6.656849635359145534e-01   2.614591667962713473e-01   2.881379870465728965e-01   5.037107797919618157e+00   4.556214334619558493e+00   5.190660539451962679e-02   3.164845229698550533e+00
6.676223930448987876e-01   2.597835241982693333e-01   2.856244928708431829e-01   5.042370058080217099e+00   4.552499383212617268e+00   5.152012272125397474e-02   3.169974694105476942e+00
6.695598225538830217e-01   2.581276284653313269e-01   2.831478169979333437e-01   5.047890544819117586e+00   4.548987435134595358e+00   5.113574198439378021e-02   3.175183892777169614e+00
6.714972520628672559e-01   2.564912613155456711e-01   2.807074214619768027e-01   5.053650309901487780e+00   4.545681936380755239e+00   5.075366232068113242e-02   3.180463220359635024e+00
6.734346815718514900e-01   2.548742088641802184e-01   2.783027790111732291e-01   5.059630600810199219e+00   4.542586150312173388e+00   5.037407450721149288e-02   3.185825801733348506e+00
6.753721110808357242e-01   2.532762611332373126e-01   2.759333729093886300e-01   5.065812987037582538e+00   4.539703139054267034e+00   4.999715974145144820e-02   3.191262184324161311e+00
6.773095405898199584e-01   2.516972120855598405e-01   2.735986967448201801e-01   5.073052440795660978e+00   4.537035746610887266e+00   4.961454962726218054e-02   3.196781879275278904e+00
6.792469700988041925e-01   2.501368598262843079e-01   2.712982542419041798e-01   5.081354349936604287e+00   4.534586583776878399e+00   4.922641536097655673e-02   3.202381494195587930e+00
6.811843996077884267e-01   2.485950061595758875e-01   2.690315590801640178e-01   5.089780856505893958e+00   4.532358014950566449e+00   4.884198616170578461e-02   3.208080432321037456e+00
6.831218291167726608e-01   2.470714567365348557e-01   2.667981347185043317e-01   5.098312100497981447e+00   4.530352146938376734e+00   4.846142249949781516e-02   3.213854561751020356e+00
6.850592586257568950e-01   2.455660210949872635e-01   2.645975142223598309e-01   5.106929521298024355e+00   4.528570819712935958e+00   4.808486588093190822e-02   3.219731696883226579e+00
6.869966881347411292e-01   2.440785123421846947e-01   2.624292400995600905e-01   5.115615870572360890e+00   4.527015599268120027e+00   4.771243942420484024e-02   3.225681322899411452e+00
6.889341176437253633e-01   2.426087477335840958e-01   2.602928641366651363e-01   5.124355209412290613e+00   4.525687772432978484e+00   4.734424875308532177e-02   3.231744393510779911e+00
6.908715471527095975e-01   2.411565477398198709e-01   2.581879472455408941e-01   5.134743514567460920e+00   4.524588343775709731e+00   4.696564629871962521e-02   3.237898613761960753e+00
6.928089766616938316e-01   2.397217367268922594e-01   2.561140593094536899e-01   5.145650837390250310e+00   4.523718034369235141e+00   4.658725286701989599e-02   3.244139524353054860e+00
6.947464061706780658e-01   2.383041426884346670e-01   2.540707790374570063e-01   5.156499600359380153e+00   4.523077282512977249e+00   4.621432389364021204e-02   3.250493264510979419e+00
6.966838356796623000e-01   2.369035971622679426e-01   2.520576938220104313e-01   5.167279632958478253e+00   4.522666246236686227e+00   4.584686991801738276e-02   3.256949758800443906e+00
6.986212651886465341e-01   2.355199352008412461e-01   2.500743996019343940e-01   5.177982238885926236e+00   4.522484807546000241e+00   4.548488664795319325e-02   3.263515442313185577e+00
7.005586946976307683e-01   2.341529954939005620e-01   2.481205007288638242e-01   5.188729520995699396e+00   4.522532578187558272e+00   4.512723096211178342e-02   3.270191448131296585e+00
7.024961242066150024e-01   2.328026202652608845e-01   2.461956098384488478e-01   5.201528571586838900e+00   4.522808906978517562e+00   4.475657819836591222e-02   3.276975723690149778e+00
7.044335537155992366e-01   2.314686550067790172e-01   2.442993477277720094e-01   5.214136198620235696e+00   4.523312888430258027e+00   4.439252182711112688e-02   3.283870657783200198e+00
7.063709832245834708e-01   2.301509489835780464e-01   2.424313432339115781e-01   5.226552749400097397e+00   4.524043372576429078e+00   4.403494234512312505e-02   3.290894351325923228e+00
7.083084127335677049e-01   2.288493546675454404e-01   2.405912331203460264e-01   5.238779474045133888e+00   4.524998975881108443e+00   4.368371598792246402e-02   3.298020490914071345e+00
7.102458422425519391e-01   2.275637280656610528e-01   2.387786619638715691e-01   5.250818401030825200e+00   4.526178093028526028e+00   4.333871611727924122e-02   3.305287898033907990e+00
7.121832717515361733e-01   2.262939285880065932e-01   2.369932820504607740e-01   5.264778087985872546e+00   4.527578909541827734e+00   4.298261480467813200e-02   3.312667445622451634e+00
7.141207012605204074e-01   2.250398191257545477e-01   2.352347532700922728e-01   5.278744436581508381e+00   4.529199414959120595e+00   4.263131542535696789e-02   3.320181628177085731e+00
7.160581307695046416e-01   2.238012657438730457e-01   2.335027430206127186e-01   5.292427991507801188e+00   4.531037416577056831e+00   4.228706863900335428e-02   3.327834337400177311e+00
7.179955602784888757e-01   2.225781381736169073e-01   2.317969261115962187e-01   5.305839265127399784e+00   4.533090553479882878e+00   4.194965717045191084e-02   3.335623408344802865e+00
7.199329897874731099e-01   2.213703093340200212e-01   2.301169846766317473e-01   5.318988710156486555e+00   4.535356310873037700e+00   4.161887181887010539e-02   3.343544220402044242e+00
7.218704192964573441e-01   2.201776554720709100e-01   2.284626080858618291e-01   5.334238296437306737e+00   4.537832034483341381e+00   4.127630661328454686e-02   3.351609876383489617e+00
7.238078488054415782e-01   2.190000563825833524e-01   2.268334928654536509e-01   5.349152425939402988e+00   4.540860377176891838e+00   4.094107607040627095e-02   3.359822738718596380e+00
7.257452783144258124e-01   2.178373950899867850e-01   2.252293426194691139e-01   5.363734705735046404e+00   4.544254463702169566e+00   4.061300698878139714e-02   3.368194120942101133e+00
7.276827078234100465e-01   2.166895580371601959e-01   2.236498679575263937e-01   5.378001631793021708e+00   4.547865384406606815e+00   4.029183568040608371e-02   3.376711108515068727e+00
7.296201373323942807e-01   2.155564349877749919e-01   2.220947864248957182e-01   5.392633300099579863e+00   4.551689098247431176e+00   3.997238881119444254e-02   3.385383554666052675e+00
7.315575668413785149e-01   2.144379192644692012e-01   2.205638224384441071e-01   5.408694487977579790e+00   4.555721511430600223e+00   3.964689071292911565e-02   3.394224163824788310e+00
7.334949963503627490e-01   2.133339072498756928e-01   2.190567072264609227e-01   5.424381136732913333e+00   4.559958493003771984e+00   3.932870900335849046e-02   3.403222698622951015e+00
7.354324258593469832e-01   2.122442990649915373e-01   2.175731787711137621e-01   5.439714106010703709e+00   4.564395889706920784e+00   3.901754668144574723e-02   3.412393739926010028e+00
7.373698553683312173e-01   2.111689980127948452e-01   2.161129817577462087e-01   5.454713011632445152e+00   4.569029539997461420e+00   3.871312708156534471e-02   3.421754697402060952e+00
7.393072848773154515e-01   2.101079109276042800e-01   2.146758675278161999e-01   5.470980373874960279e+00   4.573855287207736708e+00   3.840406957606942034e-02   3.431277636748797377e+00
7.412447143862996857e-01   2.090609480263765363e-01   2.132615940342642569e-01   5.487672985819523674e+00   4.578868971463292858e+00   3.809646612810248939e-02   3.440984164169600401e+00
1.349518660560036221e-01   6.840028296495120230e+00   2.980073618627279330e+01   1.666062300474987268e+01   1.627950594813207630e+01   4.105505715209483708e-01   8.558390392566253002e-01
1.342858474974064631e-01   6.905266706220231754e+00   3.028543227324324150e+01   1.682915896931397626e+01   1.644802759839426187e+01   4.103156146311996988e-01   8.555318984982219765e-01
1.336504805308506294e-01   6.970193542154106581e+00   3.077012832718724411e+01   1.700205346523800642e+01   1.661779452658044320e+01   4.099618646891799445e-01   8.553404615565644020e-01
1.332442119972030437e-01   7.013307478023421027e+00   3.109325900299371526e+01   1.711673810978406607e+01   1.673353061718351498e+01   4.097338776255832760e-01   8.552888086444994098e-01
1.328519981658269344e-01   7.056284534134532826e+00   3.141638965423663876e+01   1.723478320298934463e+01   1.684878169653892144e+01   4.094211369546344459e-01   8.553076898097151659e-01
1.324749494064056676e-01   7.099153786107876840e+00   3.173952028712233897e+01   1.735125377962026505e+01   1.696544707798574692e+01   4.091435625502817808e-01   8.553930736738395435e-01
1.321129533759601293e-01   7.141890996196592845e+00   3.206265088022007603e+01   1.747092442703058524e+01   1.708416056621971890e+01   4.087872411116858506e-01   8.555698365516235526e-01
1.317666198908913899e-01   7.184499086505525156e+00   3.238578143613828786e+01   1.759312121924914862e+01   1.720379173608520773e+01   4.083697825400506298e-01   8.558490120737680673e-01
1.315458891527631902e-01   7.212869186662600463e+00   3.260120179590789036e+01   1.767456088644405199e+01   1.728664358360461151e+01   4.080932608738637724e-01   8.560833929033354606e-01
1.313331899994679419e-01   7.241190986725996481e+00   3.281662212863906092e+01   1.775852950665091612e+01   1.736955748372830044e+01   4.077584793275833563e-01   8.563743414526423514e-01
1.311278609973293152e-01   7.269429984613110740e+00   3.303204242099067756e+01   1.784366759374159273e+01   1.745232396630050076e+01   4.073955057962836412e-01   8.567440495988611904e-01
1.309313169331300375e-01   7.297622108279824715e+00   3.324746269386918129e+01   1.792794080442512339e+01   1.753692128883445989e+01   4.070530011164787410e-01   8.571822293790894998e-01
1.307461995861871895e-01   7.325830055452001943e+00   3.346288296175579546e+01   1.801218150321125577e+01   1.762296917586682099e+01   4.067153139749305479e-01   8.576726716124957184e-01
1.306290256691654550e-01   7.344623237459813936e+00   3.360649645066202851e+01   1.807205024824040862e+01   1.768074131768067758e+01   4.064078583543627721e-01   8.580462222403029138e-01
1.305157626491496858e-01   7.363362994045928644e+00   3.375010990228727081e+01   1.813214484087019684e+01   1.773894838500252646e+01   4.060944283573540425e-01   8.584807306213052547e-01
1.304063537504540071e-01   7.382042719203468550e+00   3.389372332152133538e+01   1.819242910695050597e+01   1.779886585146080691e+01   4.057755385938606185e-01   8.589814699960599542e-01
1.303026812595834694e-01   7.400711254157045005e+00   3.403733673293248074e+01   1.825338428224024767e+01   1.786070755149796696e+01   4.054432394412260665e-01   8.595321612595033800e-01
1.302075276430144923e-01   7.419431922805983959e+00   3.418095015238089474e+01   1.831548090573976850e+01   1.792382207582818410e+01   4.050907514244333485e-01   8.601163655260356533e-01
1.301493744616706860e-01   7.431942863943389987e+00   3.427669242603777633e+01   1.836024006303040679e+01   1.796664300169780759e+01   4.047846236448788826e-01   8.605310256885897457e-01
1.300946847723191135e-01   7.444446613148443248e+00   3.437243467605668457e+01   1.840519650304633714e+01   1.800985609545996624e+01   4.044752584910611959e-01   8.609832797905883073e-01
1.300422487022831475e-01   7.456904509286005123e+00   3.446817688833545645e+01   1.844991593577379518e+01   1.805345872293542797e+01   4.041701076169841311e-01   8.614905049383851932e-01
1.299914185146081314e-01   7.469297129574556493e+00   3.456391906266897251e+01   1.849424301510361346e+01   1.809845351171768968e+01   4.038714708936526065e-01   8.620609943835122468e-01
1.299430638195018251e-01   7.481645183955151879e+00   3.465966121550792423e+01   1.853831013858751930e+01   1.814329528739601116e+01   4.035775174772859297e-01   8.626885434546099907e-01
1.299134178990156430e-01   7.489880123141573698e+00   3.472348931748985734e+01   1.856775642918309543e+01   1.817332584129703577e+01   4.033809982217166912e-01   8.631310026962349946e-01
1.298870267026526193e-01   7.498141564562388339e+00   3.478731742627685719e+01   1.859747332586378832e+01   1.820369011497119871e+01   4.031806597154576344e-01   8.635876983755046421e-01
1.298648678077893026e-01   7.506445824670321620e+00   3.485114554253780739e+01   1.862892027638794090e+01   1.823458793406207334e+01   4.029458343962480371e-01   8.640577261910221685e-01
1.298474892263402625e-01   7.514796020167295865e+00   3.491497365950453968e+01   1.866204033882390334e+01   1.826616269013565841e+01   4.026781575717505168e-01   8.645459440909142312e-01
1.298345752271820586e-01   7.523173891422288762e+00   3.497880176226340154e+01   1.869563613932778878e+01   1.829843222325507313e+01   4.024026695511409568e-01   8.650642286568572814e-01
1.298278054321065078e-01   7.528755310518930877e+00   3.502135381346688092e+01   1.871823898560011301e+01   1.832035690858349852e+01   4.022149367956452393e-01   8.654347420739902930e-01
1.298218438980636158e-01   7.534316963730930183e+00   3.506390584517671982e+01   1.874093461889671985e+01   1.834332840665349096e+01   4.020246117359581595e-01   8.658310279166272494e-01
1.298161488332958968e-01   7.539846654881785071e+00   3.510645785518368456e+01   1.876366786757445482e+01   1.836635634232527536e+01   4.018322381367352425e-01   8.662565089703784249e-01
1.298103994201761091e-01   7.545338001974187137e+00   3.514900984446738619e+01   1.878641991461680405e+01   1.838941439074331896e+01   4.016378871688865426e-01   8.667125124380441470e-01
1.298046317851666298e-01   7.550792466043617424e+00   3.519156181703935715e+01   1.880922994621282385e+01   1.841253828512170898e+01   4.014408079244065064e-01   8.671982511713730579e-01
1.298009838634418267e-01   7.554412658086675947e+00   3.521992979246497413e+01   1.882451926281851584e+01   1.842804167404871407e+01   4.013070693926228394e-01   8.675375466271570968e-01
1.297977624381907724e-01   7.558025098469329350e+00   3.524829776531004910e+01   1.883993066073803035e+01   1.844367274452445571e+01   4.011705369075522221e-01   8.678883169288993393e-01
1.297952915829512222e-01   7.561635541830924012e+00   3.527666573772945213e+01   1.885552823036232439e+01   1.845949813324015309e+01   4.010301620537321532e-01   8.682499012295438190e-01
1.297939774054213402e-01   7.565250719044001038e+00   3.530503371175439753e+01   1.887139054024682494e+01   1.847559987092638778e+01   4.008846461478112744e-01   8.686218081334536878e-01
1.297943073455085916e-01   7.568878119869737020e+00   3.533340168387519498e+01   1.888761079383510122e+01   1.849207552580992697e+01   4.007324273295705952e-01   8.690040361386089929e-01
1.297955770593116065e-01   7.571129570739003611e+00   3.535093420467193681e+01   1.889809545674676983e+01   1.850249365185793593e+01   4.006292373783121308e-01   8.692456701122339702e-01
1.297968467731146214e-01   7.572525694414366626e+00   3.536176966558784329e+01   1.890507231896367202e+01   1.850903770312587326e+01   4.005552354760562594e-01   8.693972445030737628e-01
1.298000210576221447e-01   7.574937889725219087e+00   3.538041463200884351e+01   1.891727613972760480e+01   1.852051100241026660e+01   4.004243440638538543e-01   8.696623445139909370e-01
1.298198603357941516e-01   7.582577740354168760e+00   3.543870933968556614e+01   1.895740623602898012e+01   1.855847948126411495e+01   3.999797042879900122e-01   8.705358241692034982e-01
1.298694585312241412e-01   7.592353982803388135e+00   3.551180058537543260e+01   1.901247989881214906e+01   1.861282915448634512e+01   3.993352799430304745e-01   8.717855156200068345e-01
1.301794472526616175e-01   7.628932271912390206e+00   3.579761576412887081e+01   1.924693498469636666e+01   1.884603421047892269e+01   3.963712808287818690e-01   8.796928833340503795e-01
1.309544190562553223e-01   7.640563427603297875e+00   3.589165910732806708e+01   1.947639450493487345e+01   1.907498197472516566e+01   3.922986580327972872e-01   8.919103357565081325e-01
1.328918485652396120e-01   7.588296496608677444e+00   3.549741352870279343e+01   1.970053050041700615e+01   1.929970367993663416e+01   3.851823430058420872e-01   9.150049127745463196e-01
1.348292780742239017e-01   7.501766275637692161e+00   3.485310011565454857e+01   1.975876534294782516e+01   1.935990774267002124e+01   3.796677649352810380e-01   9.361712578521627082e-01
1.367667075832081913e-01   7.401041917133285075e+00   3.410152999492493819e+01   1.976186456347215170e+01   1.936528021458676818e+01   3.745113166504226432e-01   9.548715001722399842e-01
1.387041370921924810e-01   7.293166667955119919e+00   3.330036511187775261e+01   1.971664672442767241e+01   1.932123817658994014e+01   3.698989371716717711e-01   9.719768126548190557e-01
1.406415666011767707e-01   7.177711661377428776e+00   3.251918387314680103e+01   1.968168238337206688e+01   1.928669345920113543e+01   3.646899447702433017e-01   9.992216956853683385e-01
1.425789961101610603e-01   7.061910828420423059e+00   3.169291285676156988e+01   1.958141297743209464e+01   1.918995713816270765e+01   3.606435774864353849e-01   1.017741460620575245e+00
2.389716075618451563e-01   2.880338362265888463e+00   8.379871219935250082e+00   1.291729233868010951e+01   1.264914949994406790e+01   2.229831366160906769e-01   1.910883901536549079e+00
2.405613351215419304e-01   2.840660672676562637e+00   8.214375840073314450e+00   1.282864729908259704e+01   1.256253374017540914e+01   2.214310368389116601e-01   1.922655124603420251e+00
2.421510626812387046e-01   2.801662186840644608e+00   8.052785215044060863e+00   1.274032107550408277e+01   1.247637542766027963e+01   2.199051476204491318e-01   1.934313600540776390e+00
2.437407902409354787e-01   2.763330411073070536e+00   7.894996182049822231e+00   1.265595309476910835e+01   1.239288902928107383e+01   2.183423397970079005e-01   1.945859307938769378e+00
2.453305178006322529e-01   2.725652694770701601e+00   7.740907845337799742e+00   1.257185263707986245e+01   1.230985447205868866e+01   2.168059691323111771e-01   1.957292991133569693e+00
2.469202453603290270e-01   2.688616501071806386e+00   7.590422002365547094e+00   1.248787927737798498e+01   1.222717714763319563e+01   2.152980855558303541e-01   1.968615274598734199e+00
2.485099729200258012e-01   2.652209673010816005e+00   7.443443510975994215e+00   1.240387791696840303e+01   1.214475844082356204e+01   2.138210074917469838e-01   1.979827095479421040e+00
2.500997004797225753e-01   2.616420445731364453e+00   7.299880203494545583e+00   1.231966868485414324e+01   1.206260040042534776e+01   2.123775007803581361e-01   1.990928384889161240e+00
2.516894280394193495e-01   2.581237284813482802e+00   7.159642523752291154e+00   1.223933989957918911e+01   1.198333783147178977e+01   2.108967727011348825e-01   2.001919754371625615e+00
2.532791555991161236e-01   2.546648766280554810e+00   7.022643265451462113e+00   1.215945894200163657e+01   1.190453662587914607e+01   2.094376713986697003e-01   2.012801809534940922e+00
2.548688831588128978e-01   2.512643597390820105e+00   6.888797556549728363e+00   1.207970478690756444e+01   1.182610701692980548e+01   2.080053810680967397e-01   2.023575163614557137e+00
2.564586107185096719e-01   2.479210702458999549e+00   6.758022944626111972e+00   1.199990765588328046e+01   1.174794058805747632e+01   2.066024817485573872e-01   2.034240431605705446e+00
2.580483382782064461e-01   2.446339264684752379e+00   6.630239395182687900e+00   1.191986149797244821e+01   1.167015387414030414e+01   2.052321887381721166e-01   2.044798248443958855e+00
2.596380658379032202e-01   2.414018696860807722e+00   6.505369172721608528e+00   1.184364982507293540e+01   1.159491139518803493e+01   2.038238830525320455e-01   2.055249173620613767e+00
2.612277933975999944e-01   2.382238595718717988e+00   6.383336703025372039e+00   1.176798581718677639e+01   1.152004850437193539e+01   2.024338432019124889e-01   2.065594208894260486e+00
2.628175209572967685e-01   2.350988728624997748e+00   6.264068497422579540e+00   1.169239119917955172e+01   1.144546504620794636e+01   2.010699683731044796e-01   2.075833705776673810e+00
2.644072485169935427e-01   2.320259051313655618e+00   6.147493128004102303e+00   1.161670067290214270e+01   1.137105088127215780e+01   1.997347712269147146e-01   2.085968499952829180e+00
2.659969760766903168e-01   2.290039723288828100e+00   6.033541197524577626e+00   1.154072117364108330e+01   1.129736172410575001e+01   1.984312495582391256e-01   2.095999479737962190e+00
2.675867036363870910e-01   2.260321104020590610e+00   5.922145276928300284e+00   1.146848883737511038e+01   1.122591385626063953e+01   1.970897069415406266e-01   2.105926970391581055e+00
2.691764311960838651e-01   2.231093738601998666e+00   5.813239828783229868e+00   1.139652576225063818e+01   1.115480372018797972e+01   1.957696393748503128e-01   2.115752087103872192e+00
2.707661587557806393e-01   2.202348349210410561e+00   5.706761143348157539e+00   1.132457032618191839e+01   1.108393651789732814e+01   1.944752238518644705e-01   2.125475693372683494e+00
2.723558863154774135e-01   2.174075835389544409e+00   5.602647291786593264e+00   1.125245146569708687e+01   1.101320213150589034e+01   1.932090835510092142e-01   2.135098219950709364e+00
2.739456138751741876e-01   2.146267276909043176e+00   5.500838082903783288e+00   1.118042435271429724e+01   1.094370044685862986e+01   1.919665308936139847e-01   2.144620557866328880e+00
2.755353414348709618e-01   2.118913931698671149e+00   5.401275013375982148e+00   1.111202111071370879e+01   1.087575243394459790e+01   1.906866366241610211e-01   2.154043802115531481e+00
2.771250689945677359e-01   2.092007230181593513e+00   5.303901213879695931e+00   1.104371990110148083e+01   1.080806692062129848e+01   1.894295806952637773e-01   2.163368257982204668e+00
2.787147965542645101e-01   2.065538770749867581e+00   5.208661398241622997e+00   1.097537342005283278e+01   1.074054118562133908e+01   1.881975848745130464e-01   2.172595366646334458e+00
2.803045241139612842e-01   2.039500316840758387e+00   5.115501818015906643e+00   1.090680924788971673e+01   1.067305901845410254e+01   1.869933057860498626e-01   2.181725340960888992e+00
2.818942516736580584e-01   2.013883796174354757e+00   5.024370219491943956e+00   1.083902570401996535e+01   1.060762471881135660e+01   1.857993376127383689e-01   2.190759391283002788e+00
2.834839792333548325e-01   1.988681297398557035e+00   4.935215800339268100e+00   1.077391990264843180e+01   1.054302808235205369e+01   1.845828923333374672e-01   2.199698463207730104e+00
2.850737067930516067e-01   1.963885067312162391e+00   4.847989165982713899e+00   1.070883392194746442e+01   1.047863789428003933e+01   1.833892542947401227e-01   2.208543255822795537e+00
2.866634343527483808e-01   1.939487506885711809e+00   4.762642287463025426e+00   1.064361549650219274e+01   1.041435205891890092e+01   1.822207413940389875e-01   2.217294378875196870e+00
2.882531619124451550e-01   1.915481169342911016e+00   4.679128461426445895e+00   1.057808404973593142e+01   1.035036460619133081e+01   1.810801616187506791e-01   2.225953030893781825e+00
2.898428894721419291e-01   1.891858756695114385e+00   4.597402271659288608e+00   1.051439992164096182e+01   1.028857820786252475e+01   1.799302642846265232e-01   2.234519875750201834e+00
2.914326170318387033e-01   1.868613117586733097e+00   4.517419551380021936e+00   1.045252220515811636e+01   1.022701383622570148e+01   1.787715042274302946e-01   2.242995846194443921e+00
2.930223445915354774e-01   1.845737244368933938e+00   4.439137346324863564e+00   1.039060810926003242e+01   1.016557602278856187e+01   1.776351513752141842e-01   2.251381887182022368e+00
2.946120721512322516e-01   1.823224270043056094e+00   4.362513878955360802e+00   1.032850220192029234e+01   1.010415619646217067e+01   1.765235882608496010e-01   2.259678852552367001e+00
2.962017997109290257e-01   1.801067465749497387e+00   4.287508513929085829e+00   1.026602103611414130e+01   1.004400080116418614e+01   1.754396819774325378e-01   2.267887442400601472e+00
2.977915272706257999e-01   1.779260237989774396e+00   4.214081724694205278e+00   1.020640980276374421e+01   9.985199057492728514e+00   1.743277285914952290e-01   2.276008537971992762e+00
2.993812548303225740e-01   1.757796126123025715e+00   4.142195060997725164e+00   1.014738207385475199e+01   9.926559061354870650e+00   1.732265635933899761e-01   2.284043459979119728e+00
3.009709823900193482e-01   1.736668799590347589e+00   4.071811117292019055e+00   1.008822635514424881e+01   9.867984056690907835e+00   1.721480801929840820e-01   2.291992684372381017e+00
3.025607099497161223e-01   1.715872055446993727e+00   4.002893502136393167e+00   1.002877893268102127e+01   9.809363509152399629e+00   1.710948129343484170e-01   2.299857016480561178e+00
3.041504375094128965e-01   1.695399815867403737e+00   3.935406808524740452e+00   9.969565030870962019e+00   9.752985763195312074e+00   1.700575512188910732e-01   2.307637531082024296e+00
3.057401650691096706e-01   1.675246125316562029e+00   3.869316585150963661e+00   9.913386357657584469e+00   9.696869453095224856e+00   1.689882815898242352e-01   2.315334838275080465e+00
3.073298926288064448e-01   1.655405148375507451e+00   3.804589308512874357e+00   9.857159564159529097e+00   9.640835829125352419e+00   1.679393680908375930e-01   2.322950124993531151e+00
3.089196201885032189e-01   1.635871167379832514e+00   3.741192355859478180e+00   9.800742329872562664e+00   9.584782382464442918e+00   1.669129860085918071e-01   2.330484166917626609e+00
3.105093477481999931e-01   1.616638579828417965e+00   3.679093978957891586e+00   9.743967316393842282e+00   9.529660847039595595e+00   1.659117408068977451e-01   2.337937617730608153e+00
3.120990753078967672e-01   1.597701895925751847e+00   3.618263278665813765e+00   9.688691352825662406e+00   9.476024957300676732e+00   1.649037870795408978e-01   2.345311538579640143e+00
3.136888028675935414e-01   1.579055736757595696e+00   3.558670180280851802e+00   9.635041370358559121e+00   9.422501819560649139e+00   1.638867625016572904e-01   2.352606908911167860e+00
3.152785304272903155e-01   1.560694831317618991e+00   3.500285409629303235e+00   9.581253781329372998e+00   9.368999119213519577e+00   1.628904595303472813e-01   2.359824541681896815e+00
3.168682579869870897e-01   1.542614014879973183e+00   3.443080469893510909e+00   9.527178227942046718e+00   9.315411707866516622e+00   1.619171991929021781e-01   2.366964814827423158e+00
3.184579855466838638e-01   1.524808226636878317e+00   3.387027619130779321e+00   9.472637708564073833e+00   9.263850541172777397e+00   1.609697608574559291e-01   2.374029241723401018e+00
3.200477131063806380e-01   1.507272507239008519e+00   3.332099848485599924e+00   9.421231411007612522e+00   9.212593287037195822e+00   1.599867832009662649e-01   2.381018339319706634e+00
3.216374406660774121e-01   1.490001997215586238e+00   3.278270861071543862e+00   9.370066359827619706e+00   9.161371781854123597e+00   1.590172299743454198e-01   2.387933252199662792e+00
3.232271682257741863e-01   1.472991934380502244e+00   3.225515051485590146e+00   9.318701323051218566e+00   9.110088447213993135e+00   1.580683706147801570e-01   2.394774202895144644e+00
3.248168957854709604e-01   1.456237652118602455e+00   3.173807485947242490e+00   9.266982360154461418e+00   9.059674675862380511e+00   1.571425945926080148e-01   2.401542261616047114e+00
3.264066233451677346e-01   1.439734577353760869e+00   3.123123883040038518e+00   9.215858936172796945e+00   9.010654622357566979e+00   1.562235910212033119e-01   2.408238389313934746e+00
3.279963509048645087e-01   1.423478228427143222e+00   3.073440595057099323e+00   9.167011314460530969e+00   8.961698029313287961e+00   1.552826957005794262e-01   2.414863642861385884e+00
3.295860784645612829e-01   1.407464213390881014e+00   3.024734589877101421e+00   9.118010916104298147e+00   8.912716561498143619e+00   1.543608826904349640e-01   2.421418921780712274e+00
3.311758060242580570e-01   1.391688227895997443e+00   2.976983433432865755e+00   9.068719066686817598e+00   8.863609862978890419e+00   1.534602866912316288e-01   2.427904176588290497e+00
3.327655335839548312e-01   1.376146053599540897e+00   2.930165272684965405e+00   9.018973523841305351e+00   8.816528664186222386e+00   1.525834453290890180e-01   2.434321131607000588e+00
3.343552611436516053e-01   1.360833556053080429e+00   2.884258819111965355e+00   8.971425362565129902e+00   8.769616837704958812e+00   1.516853232409869634e-01   2.440670127907178077e+00
3.359449887033483795e-01   1.345746683327774917e+00   2.839243332719313617e+00   8.924792975700833964e+00   8.722695089605428720e+00   1.507874397749935647e-01   2.446952328213327199e+00
3.375347162630451536e-01   1.330881463784749030e+00   2.795098606515718398e+00   8.877948472306071537e+00   8.675670332941345819e+00   1.499086717991559847e-01   2.453167083642362911e+00
3.391244438227419278e-01   1.316234004976990724e+00   2.751804951460890436e+00   8.830750061852226551e+00   8.629605495467078669e+00   1.490512126102359891e-01   2.459317952502366289e+00
3.407141713824387019e-01   1.301800491370613599e+00   2.709343181881473939e+00   8.783477823812516405e+00   8.584721639816272898e+00   1.482101415274661715e-01   2.465403481464826907e+00
3.423038989421354761e-01   1.287577182987092783e+00   2.667694601306938917e+00   8.738944352969408413e+00   8.539854850816610110e+00   1.473378397872034118e-01   2.471425048988568740e+00
3.438936265018322502e-01   1.273560413973541472e+00   2.626840988754382433e+00   8.694243483375627690e+00   8.494920674801536009e+00   1.464831777955991621e-01   2.477383547934454366e+00
3.454833540615290244e-01   1.259746590918553011e+00   2.586764585398382277e+00   8.649247604060043670e+00   8.449901502787396268e+00   1.456481128285904703e-01   2.483279618213761974e+00
3.470730816212257985e-01   1.246132190916796390e+00   2.547448081681981336e+00   8.603808388849413902e+00   8.406862774242771508e+00   1.448349538480878940e-01   2.489114546923262061e+00
3.486628091809225727e-01   1.232713760805722814e+00   2.508874604766657690e+00   8.559808055562671214e+00   8.363851195170822095e+00   1.440118461540305650e-01   2.494888251396620849e+00
3.502525367406193468e-01   1.219487915103172782e+00   2.471027706400588109e+00   8.517261027027581477e+00   8.320788283546979969e+00   1.431784127823964303e-01   2.500602172847811833e+00
3.518422643003161210e-01   1.206451334957250765e+00   2.433891351130118785e+00   8.474492659567109953e+00   8.277585521592365936e+00   1.423626620993354019e-01   2.506256368592589379e+00
3.534319918600128951e-01   1.193600766335521257e+00   2.397449904857056335e+00   8.431373044081954760e+00   8.235498162977721748e+00   1.415665942065413296e-01   2.511852641275815312e+00
3.550217194197096693e-01   1.180933019153826535e+00   2.361688123761494840e+00   8.387751262945773334e+00   8.194334681394559894e+00   1.407925655080863314e-01   2.517390539528894688e+00
3.566114469794064434e-01   1.168444965373851119e+00   2.326591143533373707e+00   8.346951042448536029e+00   8.153147195424102378e+00   1.399846434262891903e-01   2.522871131458872096e+00
3.582011745391032176e-01   1.156133538199128452e+00   2.292144468927905354e+00   8.306140861745022974e+00   8.111855383503462136e+00   1.391902157021977504e-01   2.528295758311474906e+00
3.597909020987999917e-01   1.143995730491951690e+00   2.258333963647024767e+00   8.265036976060876839e+00   8.070640886081559273e+00   1.384138672102082912e-01   2.533665079835138556e+00
3.613806296584967659e-01   1.132028593421296137e+00   2.225145840501466132e+00   8.223504933426355024e+00   8.031158438250562526e+00   1.376576779105344317e-01   2.538978528166927706e+00
3.629703572181935400e-01   1.120229235668716683e+00   2.192566651875019534e+00   8.182672738595915263e+00   7.991664161373313924e+00   1.369026076754646659e-01   2.544238604789232028e+00
3.645600847778903142e-01   1.108594821702922673e+00   2.160583280467826217e+00   8.143834250437498312e+00   7.952083688710758658e+00   1.361268890809470278e-01   2.549444445272369020e+00
3.661498123375870883e-01   1.097122570921214901e+00   2.129182930319981626e+00   8.104771824517104761e+00   7.912333506696183960e+00   1.353674840792428169e-01   2.554597719250673471e+00
3.677395398972838625e-01   1.085809756366529655e+00   2.098353118079246737e+00   8.065367727358379923e+00   7.873846018863114971e+00   1.346261935067604165e-01   2.559698537735786150e+00
3.693292674569806366e-01   1.074653703715512165e+00   2.068081664556906230e+00   8.025486218873851385e+00   7.836045238090219911e+00   1.339051210614762288e-01   2.564748592771350477e+00
3.709189950166774108e-01   1.063651789901882694e+00   2.038356686502944548e+00   7.987572133292600185e+00   7.798186575775121199e+00   1.331633407689088444e-01   2.569746441157082284e+00
3.725087225763741849e-01   1.052801442536633658e+00   2.009166588633369610e+00   7.950311121488735644e+00   7.760194362233424847e+00   1.324226720751893460e-01   2.574695720176750413e+00
3.740984501360709591e-01   1.042100138216028427e+00   1.980500055903925638e+00   7.912765759494218010e+00   7.722406843933954157e+00   1.316985956478811670e-01   2.579594314968137070e+00
3.756881776957677332e-01   1.031545402032293168e+00   1.952346045979727718e+00   7.874815821814198813e+00   7.686146461942566788e+00   1.309929559463202664e-01   2.584444581823620801e+00
3.772779052554645074e-01   1.021134806201530409e+00   1.924693781954233351e+00   7.836728502786148631e+00   7.649842994656845363e+00   1.303011589387704228e-01   2.589246929047289036e+00
3.788676328151612815e-01   1.010865969366022910e+00   1.897532745263499798e+00   7.801282431073449430e+00   7.613426751286949568e+00   1.295768969137204574e-01   2.594001937924845347e+00
3.804573603748580557e-01   1.000736555269668315e+00   1.870852668805756513e+00   7.765618742352964787e+00   7.576819875111497460e+00   1.288675878216559711e-01   2.598709177277827020e+00
3.820470879345548298e-01   9.907442721975030508e-01   1.844643530272080945e+00   7.729632398743659039e+00   7.541549277410791952e+00   1.281748239875591389e-01   2.603370370391993038e+00
3.836368154942516040e-01   9.808868717749419375e-01   1.818895545658363089e+00   7.693203294836674644e+00   7.506806288143315520e+00   1.275004486665870795e-01   2.607987043207394606e+00
3.852265430539483781e-01   9.711621481671954825e-01   1.793599162963791738e+00   7.657736722175495281e+00   7.471980122096441690e+00   1.268210416995502188e-01   2.612557524943406762e+00
3.868162706136451523e-01   9.615679371612486648e-01   1.768745056086767242e+00   7.623740315505938447e+00   7.437000437770159955e+00   1.261281073812960396e-01   2.617083835315147766e+00
3.884059981733419264e-01   9.521021154124582608e-01   1.744324118873508134e+00   7.589478622571649069e+00   7.402262501336156930e+00   1.254502664492444797e-01   2.621566671732741494e+00
3.899957257330387006e-01   9.427625992752837192e-01   1.720327459363492517e+00   7.554846060439023958e+00   7.368939617388269525e+00   1.247891210136051754e-01   2.626006081515519508e+00
3.915854532927354748e-01   9.335473446179776147e-01   1.696746394162531368e+00   7.519722273141660196e+00   7.335551187015537877e+00   1.241465190745603686e-01   2.630402752999162264e+00
3.931751808524322489e-01   9.244543452441575937e-01   1.673572443021139389e+00   7.486736385907494018e+00   7.302032852305852195e+00   1.234789496507831402e-01   2.634758358810642687e+00
3.947649084121290231e-01   9.154816325400360055e-01   1.650797323537369188e+00   7.454216560653235568e+00   7.268313145132278663e+00   1.228139302220392776e-01   2.639071901859002978e+00
3.963546359718257972e-01   9.066272746099457436e-01   1.628412946013952034e+00   7.421403478434068113e+00   7.235870756970677498e+00   1.221638571793762784e-01   2.643344845398857057e+00
3.979443635315225714e-01   8.978893757108608042e-01   1.606411408470163060e+00   7.388193027278131098e+00   7.203927917540252857e+00   1.215303082087516029e-01   2.647577729177772010e+00
3.995340910912193455e-01   8.892660749434071477e-01   1.584784991795390452e+00   7.354715476858642020e+00   7.171886102882296221e+00   1.209110097788897581e-01   2.651770090792305190e+00
4.006696107767170334e-01   8.831757237486499434e-01   1.569563033023954723e+00   7.332614782085526528e+00   7.148903074453270889e+00   1.204448549385624539e-01   2.654741344723649199e+00
4.018051304622147213e-01   8.771422536952967475e-01   1.554525917658461154e+00   7.310405995125401013e+00   7.125811282916053813e+00   1.199854364149101627e-01   2.657693110281962312e+00
4.029406501477124092e-01   8.711650186070301061e-01   1.539670996298831529e+00   7.288057729683945496e+00   7.103241562915184382e+00   1.195332214588274294e-01   2.660624790579985799e+00
4.040761698332100971e-01   8.652433806713589748e-01   1.524995663080211727e+00   7.265535807661696488e+00   7.081366757617551855e+00   1.190887229210180615e-01   2.663537141316028478e+00
4.052116895187077850e-01   8.593767106589211835e-01   1.510497354870696363e+00   7.242802904971665789e+00   7.059455924847987340e+00   1.186525053814484892e-01   2.666430700726130532e+00
4.060227750083489906e-01   8.552195415942378531e-01   1.500248404886924902e+00   7.226413572088154602e+00   7.043771914760394992e+00   1.183463322522118610e-01   2.668486153491246071e+00
4.068338604979901962e-01   8.510898765466662352e-01   1.490087580717558868e+00   7.209879861772954257e+00   7.028051021022749367e+00   1.180449456667337638e-01   2.670531082532530132e+00
4.076449459876314019e-01   8.469874939706869554e-01   1.480013987045815105e+00   7.194630470736387728e+00   7.012284836739092420e+00   1.177249474334705753e-01   2.672567357306026903e+00
4.084560314772726075e-01   8.429121742077541057e-01   1.470026738997622706e+00   7.179550311609985691e+00   6.996464518105771191e+00   1.174045918787822163e-01   2.674593694723490955e+00
4.092671169669138131e-01   8.388636998462288830e-01   1.460124962007313343e+00   7.164412377205548133e+00   6.980580748216445919e+00   1.170875789499744718e-01   2.676611076802688505e+00
4.098464637452289838e-01   8.359882488842913517e-01   1.453104114159166071e+00   7.153558217701363908e+00   6.969432853131712235e+00   1.168632760708722546e-01   2.678046748677610722e+00
4.104258105235441545e-01   8.331263067753980067e-01   1.446126120897509582e+00   7.142664899785355459e+00   6.958751392862521534e+00   1.166408222231501146e-01   2.679477250521798304e+00
4.110051573018593252e-01   8.302777959453350176e-01   1.439190672941575766e+00   7.131728082185843753e+00   6.948063963276693400e+00   1.164202822061127379e-01   2.680902467165246161e+00
4.115845040801744958e-01   8.274426396633316472e-01   1.432297463577963725e+00   7.120743232785368804e+00   6.937368133802984893e+00   1.162017239792631912e-01   2.682324369249441176e+00
4.121638508584896665e-01   8.246207615180765060e-01   1.425446188629776234e+00   7.109705615728512562e+00   6.926661388955157150e+00   1.159852188104387172e-01   2.683740401823130117e+00
4.125776699858576535e-01   8.226132218078419100e-01   1.420577927746776492e+00   7.101786568624212315e+00   6.919005596872414010e+00   1.158318704538598837e-01   2.684749876107620725e+00
4.129914891132256405e-01   8.206123905102913341e-01   1.415730798862331330e+00   7.093836209107911017e+00   6.911341936307898948e+00   1.156796359995867357e-01   2.685756242703134067e+00
4.134053082405936275e-01   8.186182401434507483e-01   1.410904693472967431e+00   7.085852603960580254e+00   6.903669407440752970e+00   1.155285448198415527e-01   2.686759881491824320e+00
4.138191273679616144e-01   8.166307437179511908e-01   1.406099503707808784e+00   7.077833755693592188e+00   6.895986984817603194e+00   1.153786274029158093e-01   2.687762612996542622e+00
